Time (s) Run #1	Angle (rad) Run #1	Angular Velocity (rad/s) Run #1	Angular Acceleration (rad/s²) Run #1	Position (m) Run #1	Velocity (m/s) Run #1	Acceleration (m/s²) Run #1	Absolute Pressure (kPa) Run #1	Temperature, Ch P2 (°C) Run #1	Temperature, Ch P3 (°C) Run #1
0,000	0,000			0,0000			99,597	4,57	55,3
0,050	0,000	0,000		0,0000	0,000		99,595	4,58	
0,100	0,000	0,000	0,000	0,0000	0,000	0,000	99,589	4,57	
0,150	0,000	0,000	0,000	0,0000	0,000	0,000	99,593	4,58	
0,200	0,000	0,000	0,000	0,0000	0,000	0,000	99,593	4,57	
0,250	0,000	0,000	0,000	0,0000	0,000	0,000	99,562	4,59	
0,300	0,000	0,000	0,000	0,0000	0,000	0,000	99,573	4,57	
0,350	0,000	0,000	0,000	0,0000	0,000	0,000	99,567	4,58	
0,400	0,000	0,000	0,000	0,0000	0,000	0,000	99,545	4,57	
0,450	0,000	0,000	0,000	0,0000	0,000	0,000	99,597	4,58	
0,500	0,000	0,000	0,000	0,0000	0,000	0,000	99,597	4,57	55,3
0,550	0,000	0,000	0,000	0,0000	0,000	0,000	99,573	4,58	
0,600	0,000	0,000	0,000	0,0000	0,000	0,000	99,591	4,58	
0,650	0,000	0,000	0,000	0,0000	0,000	0,000	99,554	4,58	
0,700	0,000	0,000	0,000	0,0000	0,000	0,000	99,578	4,58	
0,750	0,000	0,000	0,000	0,0000	0,000	0,000	99,584	4,58	
0,800	0,000	0,000	0,000	0,0000	0,000	0,000	99,584	4,58	
0,850	0,000	0,000	0,000	0,0000	0,000	0,000	99,560	4,58	
0,900	0,000	0,000	0,000	0,0000	0,000	0,000	99,580	4,58	
0,950	0,000	0,000	0,000	0,0000	0,000	0,000	99,573	4,58	
1,000	0,000	0,000	0,000	0,0000	0,000	0,000	99,599	4,58	55,3
1,050	0,000	0,000	0,000	0,0000	0,000	0,000	99,558	4,58	
1,100	0,000	0,000	0,000	0,0000	0,000	0,000	99,604	4,58	
1,150	0,000	0,000	0,000	0,0000	0,000	0,000	99,606	4,58	
1,200	0,000	0,000	0,000	0,0000	0,000	0,000	99,586	4,58	
1,250	0,000	0,000	0,000	0,0000	0,000	0,000	99,589	4,57	
1,300	0,000	0,000	0,000	0,0000	0,000	0,000	99,549	4,58	
1,350	0,000	0,000	0,000	0,0000	0,000	0,000	99,564	4,59	
1,400	0,000	0,000	0,000	0,0000	0,000	0,000	99,549	4,59	
1,450	0,000	0,000	0,000	0,0000	0,000	0,000	99,564	4,58	
1,500	0,000	0,000	0,000	0,0000	0,000	0,000	99,589	4,58	55,3
1,550	0,000	0,000	0,000	0,0000	0,000	0,000	99,586	4,58	
1,600	0,000	0,000	0,000	0,0000	0,000	0,000	99,567	4,57	
1,650	0,000	0,000	0,000	0,0000	0,000	0,000	99,610	4,59	
1,700	0,000	0,000	0,000	0,0000	0,000	0,000	99,573	4,59	
1,750	0,000	0,000	0,000	0,0000	0,000	0,000	99,580	4,58	
1,800	0,000	0,000	0,000	0,0000	0,000	0,000	99,569	4,59	
1,850	0,000	0,000	0,000	0,0000	0,000	0,000	99,582	4,58	
1,900	0,000	0,000	0,000	0,0000	0,000	0,000	99,580	4,59	
1,950	0,000	0,000	0,000	0,0000	0,000	0,000	99,602	4,59	
2,000	0,000	0,000	0,000	0,0000	0,000	0,000	99,554	4,58	55,3
2,050	0,000	0,000	0,000	0,0000	0,000	0,000	99,591	4,59	
2,100	0,000	0,000	0,000	0,0000	0,000	0,000	99,562	4,58	
2,150	0,000	0,000	0,000	0,0000	0,000	0,000	99,595	4,59	
2,200	0,000	0,000	0,000	0,0000	0,000	0,000	99,589	4,59	
2,250	0,000	0,000	0,000	0,0000	0,000	0,000	99,560	4,58	
2,300	0,000	0,000	0,000	0,0000	0,000	0,000	99,610	4,59	
2,350	0,000	0,000	0,000	0,0000	0,000	0,000	99,599	4,59	
2,400	0,000	0,000	0,000	0,0000	0,000	0,000	99,567	4,58	
2,450	0,000	0,000	0,000	0,0000	0,000	0,000	99,582	4,58	
2,500	0,000	0,000	0,000	0,0000	0,000	0,000	99,573	4,59	55,3
2,550	0,000	0,000	0,000	0,0000	0,000	0,000	99,595	4,59	
2,600	0,000	0,000	0,000	0,0000	0,000	0,000	99,589	4,58	
2,650	0,000	0,000	0,000	0,0000	0,000	0,000	99,619	4,60	
2,700	0,000	0,000	0,000	0,0000	0,000	0,000	99,586	4,58	
2,750	0,000	0,000	0,000	0,0000	0,000	0,000	99,575	4,59	
2,800	0,000	0,000	0,000	0,0000	0,000	0,000	99,536	4,59	
2,850	0,000	0,000	0,000	0,0000	0,000	0,000	99,573	4,59	
2,900	0,000	0,000	0,000	0,0000	0,000	0,000	99,573	4,58	
2,950	0,000	0,000	0,000	0,0000	0,000	0,000	99,580	4,59	
3,000	0,000	0,000	0,000	0,0000	0,000	0,000	99,567	4,58	55,3
3,050	0,000	0,000	0,000	0,0000	0,000	0,000	99,591	4,59	
3,100	0,000	0,000	0,000	0,0000	0,000	0,000	99,591	4,59	
3,150	0,000	0,000	0,000	0,0000	0,000	0,000	99,610	4,59	
3,200	0,000	0,000	0,000	0,0000	0,000	0,000	99,589	4,60	
3,250	0,000	0,000	0,000	0,0000	0,000	0,000	99,632	4,58	
3,300	0,000	0,000	0,000	0,0000	0,000	0,000	99,580	4,59	
3,350	0,000	0,000	0,000	0,0000	0,000	0,000	99,595	4,59	
3,400	0,000	0,000	0,000	0,0000	0,000	0,000	99,573	4,59	
3,450	0,000	0,000	0,000	0,0000	0,000	0,000	99,586	4,59	
3,500	0,000	0,000	0,000	0,0000	0,000	0,000	99,582	4,60	55,3
3,550	0,000	0,000	0,000	0,0000	0,000	0,000	99,597	4,59	
3,600	0,000	0,000	0,000	0,0000	0,000	0,000	99,586	4,59	
3,650	0,000	0,000	0,000	0,0000	0,000	0,000	99,599	4,59	
3,700	0,000	0,000	0,000	0,0000	0,000	0,000	99,586	4,60	
3,750	0,000	0,000	0,000	0,0000	0,000	0,000	99,597	4,59	
3,800	0,000	0,000	0,000	0,0000	0,000	0,000	99,628	4,60	
3,850	0,000	0,000	0,000	0,0000	0,000	0,000	99,571	4,59	
3,900	0,000	0,000	0,000	0,0000	0,000	0,000	99,580	4,59	
3,950	0,000	0,000	0,000	0,0000	0,000	0,000	99,569	4,60	
4,000	0,000	0,000	0,000	0,0000	0,000	0,000	99,623	4,60	55,3
4,050	0,000	0,000	0,000	0,0000	0,000	0,000	99,586	4,59	
4,100	0,000	0,000	0,000	0,0000	0,000	0,000	99,567	4,59	
4,150	0,000	0,000	0,000	0,0000	0,000	0,000	99,560	4,59	
4,200	0,000	0,000	0,000	0,0000	0,000	0,000	99,591	4,60	
4,250	0,000	0,000	0,000	0,0000	0,000	0,000	99,584	4,59	
4,300	0,000	0,000	0,000	0,0000	0,000	0,000	99,562	4,60	
4,350	0,000	0,000	0,000	0,0000	0,000	0,000	99,591	4,60	
4,400	0,000	0,000	0,000	0,0000	0,000	0,000	99,575	4,60	
4,450	0,000	0,000	0,000	0,0000	0,000	0,000	99,575	4,59	
4,500	0,000	0,000	0,000	0,0000	0,000	0,000	99,589	4,60	55,3
4,550	0,000	0,000	0,000	0,0000	0,000	0,000	99,597	4,59	
4,600	0,000	0,000	0,000	0,0000	0,000	0,000	99,621	4,60	
4,650	0,000	0,000	0,000	0,0000	0,000	0,000	99,573	4,60	
4,700	0,000	0,000	0,000	0,0000	0,000	0,000	99,597	4,60	
4,750	0,000	0,000	0,000	0,0000	0,000	0,000	99,589	4,59	
4,800	0,000	0,000	-0,017	0,0000	0,000	-4,167E-4	99,573	4,61	
4,850	0,000	0,000	-0,087	0,0000	0,000	-0,002	99,610	4,59	
4,900	0,000	-0,005	-0,192	0,0000	-1,250E-4	-0,005	99,599	4,60	
4,950	0,000	-0,021	-0,157	0,0000	-5,000E-4	-0,004	99,560	4,60	
5,000	-0,002	-0,037	0,105	-3,7500E-5	-8,750E-4	0,003	99,613	4,60	55,3
5,050	-0,005	-0,016	0,384	-1,1250E-4	-3,750E-4	0,009	99,578	4,60	
5,100	-0,006	0,021	0,367	-1,5000E-4	5,000E-4	0,009	99,602	4,59	
5,150	0,000	0,037	0,052	0,0000	8,750E-4	0,001	99,549	4,60	
5,200	0,000	0,021	-0,192	0,0000	5,000E-4	-0,005	99,597	4,60	
5,250	0,000	0,000	-0,192	0,0000	0,000	-0,005	99,606	4,60	
5,300	0,000	0,000	-0,070	0,0000	0,000	-0,002	99,586	4,60	
5,350	0,000	0,000	0,000	0,0000	0,000	0,000	99,591	4,60	
5,400	0,000	0,000	0,000	0,0000	0,000	0,000	99,606	4,60	
5,450	0,000	0,000	0,000	0,0000	0,000	0,000	99,569	4,60	
5,500	0,000	0,000	0,000	0,0000	0,000	0,000	99,591	4,60	55,3
5,550	0,000	0,000	-0,035	0,0000	0,000	-8,333E-4	99,567	4,60	
5,600	0,000	0,000	-0,192	0,0000	0,000	-0,005	99,599	4,60	
5,650	0,000	-0,010	-0,471	0,0000	-2,500E-4	-0,011	99,584	4,60	
5,700	0,000	-0,047	-0,646	0,0000	-0,001	-0,015	99,610	4,61	
5,750	-0,003	-0,094	-0,576	-7,5000E-5	-0,002	-0,014	99,652	4,60	
5,800	-0,011	-0,110	-0,349	-2,6250E-4	-0,003	-0,008	99,774	4,61	
5,850	-0,017	-0,120	-0,838	-4,1250E-4	-0,003	-0,020	99,831	4,61	
5,900	-0,019	-0,126	-2,601	-4,5000E-4	-0,003	-0,062	99,825	4,60	
5,950	-0,031	-0,330	-4,451	-7,5000E-4	-0,008	-0,106	99,938	4,60	
6,000	-0,035	-0,681	-3,962	-8,2500E-4	-0,016	-0,095	99,877	4,60	55,3
6,050	-0,101	-0,901	-0,192	-0,0024	-0,021	-0,005	100,777	4,60	
6,100	-0,154	-0,744	3,997	-0,0037	-0,018	0,095	101,682	4,60	
6,150	-0,182	-0,325	5,323	-0,0044	-0,008	0,127	102,095	4,61	
6,200	-0,176	-0,058	3,560	-0,0042	-0,001	0,085	101,986	4,60	
6,250	-0,176	0,010	1,222	-0,0042	2,500E-4	0,029	101,942	4,60	
6,300	-0,178	-0,010	0,105	-0,0042	-2,500E-4	0,002	101,875	4,60	
6,350	-0,178	-0,005	-0,140	-0,0042	-1,250E-4	-0,003	101,903	4,60	
6,400	-0,178	-0,010	-0,192	-0,0042	-2,500E-4	-0,005	101,861	4,61	
6,450	-0,178	-0,031	-0,192	-0,0042	-7,500E-4	-0,005	101,859	4,61	
6,500	-0,181	-0,042	-0,017	-0,0043	-0,001	-4,167E-4	101,829	4,61	55,2
6,550	-0,184	-0,031	0,122	-0,0044	-7,500E-4	0,003	101,875	4,61	
6,600	-0,184	-0,016	0,070	-0,0044	-3,750E-4	0,002	101,853	4,61	
6,650	-0,184	-0,021	-0,052	-0,0044	-5,000E-4	-0,001	101,859	4,61	
6,700	-0,185	-0,031	-0,070	-0,0044	-7,500E-4	-0,002	101,848	4,61	
6,750	-0,188	-0,031	3,469E-16	-0,0045	-7,500E-4	-2,168E-17	101,835	4,60	
6,800	-0,188	-0,026	0,035	-0,0045	-6,250E-4	8,333E-4	101,855	4,61	
6,850	-0,190	-0,026	0,035	-0,0045	-6,250E-4	8,333E-4	101,855	4,61	
6,900	-0,192	-0,026	0,035	-0,0046	-6,250E-4	8,333E-4	101,855	4,61	
6,950	-0,193	-0,021	0,017	-0,0046	-5,000E-4	4,167E-4	101,877	4,61	
7,000	-0,193	-0,021	-0,017	-0,0046	-5,000E-4	-4,167E-4	101,877	4,60	55,2
7,050	-0,195	-0,026	-0,017	-0,0047	-6,250E-4	-4,167E-4	101,888	4,61	
7,100	-0,196	-0,026	0,017	-0,0047	-6,250E-4	4,167E-4	101,864	4,60	
7,150	-0,198	-0,021	0,035	-0,0047	-5,000E-4	8,333E-4	101,877	4,61	
7,200	-0,198	-0,021	0,017	-0,0047	-5,000E-4	4,167E-4	101,846	4,60	
7,250	-0,199	-0,021	0,017	-0,0048	-5,000E-4	4,167E-4	101,879	4,60	
7,300	-0,201	-0,021	0,035	-0,0048	-5,000E-4	8,333E-4	101,870	4,61	
7,350	-0,201	-0,016	0,035	-0,0048	-3,750E-4	8,333E-4	101,872	4,61	
7,400	-0,203	-0,016	0,017	-0,0048	-3,750E-4	4,167E-4	101,861	4,61	
7,450	-0,203	-0,016	-0,017	-0,0048	-3,750E-4	-4,167E-4	101,851	4,61	
7,500	-0,204	-0,016	-0,035	-0,0049	-3,750E-4	-8,333E-4	101,866	4,61	55,2
7,550	-0,204	-0,021	-0,035	-0,0049	-5,000E-4	-8,333E-4	101,870	4,61	
7,600	-0,206	-0,021	3,400E-15	-0,0049	-5,000E-4	-3,578E-17	101,844	4,61	
7,650	-0,207	-0,021	0,035	-0,0050	-5,000E-4	8,333E-4	101,868	4,61	
7,700	-0,207	-0,016	0,017	-0,0050	-3,750E-4	4,167E-4	101,864	4,61	
7,750	-0,209	-0,016	-0,017	-0,0050	-3,750E-4	-4,167E-4	101,824	4,61	
7,800	-0,209	-0,021	-0,017	-0,0050	-5,000E-4	-4,167E-4	101,881	4,61	
7,850	-0,210	-0,021	0,035	-0,0050	-5,000E-4	8,333E-4	101,866	4,61	
7,900	-0,212	-0,016	0,070	-0,0051	-3,750E-4	0,002	101,853	4,61	
7,950	-0,212	-0,010	0,035	-0,0051	-2,500E-4	8,333E-4	101,892	4,61	
8,000	-0,212	-0,010	-0,035	-0,0051	-2,500E-4	-8,333E-4	101,877	4,61	55,2
8,050	-0,214	-0,016	-0,070	-0,0051	-3,750E-4	-0,002	101,844	4,61	
8,100	-0,214	-0,021	-0,035	-0,0051	-5,000E-4	-8,333E-4	101,879	4,61	
8,150	-0,215	-0,021	0,035	-0,0051	-5,000E-4	8,333E-4	101,846	4,61	
8,200	-0,217	-0,016	0,070	-0,0052	-3,750E-4	0,002	101,859	4,62	
8,250	-0,217	-0,010	0,035	-0,0052	-2,500E-4	8,333E-4	101,886	4,61	
8,300	-0,217	-0,010	-0,017	-0,0052	-2,500E-4	-4,167E-4	101,883	4,61	
8,350	-0,218	-0,016	-0,035	-0,0052	-3,750E-4	-8,333E-4	101,877	4,61	
8,400	-0,218	-0,016	-0,017	-0,0052	-3,750E-4	-4,167E-4	101,861	4,62	
8,450	-0,220	-0,016	3,261E-15	-0,0053	-3,750E-4	-1,084E-17	101,859	4,61	
8,500	-0,220	-0,016	3,712E-15	-0,0053	-3,750E-4	-8,674E-17	101,866	4,62	55,2
8,550	-0,221	-0,016	0,017	-0,0053	-3,750E-4	4,167E-4	101,861	4,61	
8,600	-0,221	-0,016	0,035	-0,0053	-3,750E-4	8,333E-4	101,848	4,62	
8,650	-0,223	-0,010	0,035	-0,0053	-2,500E-4	8,333E-4	101,807	4,62	
8,700	-0,223	-0,010	0,017	-0,0053	-2,500E-4	4,167E-4	101,840	4,62	
8,750	-0,223	-0,010	0,000	-0,0053	-2,500E-4	-5,746E-17	101,851	4,61	
8,800	-0,225	-0,010	0,000	-0,0054	-2,500E-4	0,000	101,848	4,62	
8,850	-0,225	-0,010	-0,017	-0,0054	-2,500E-4	-4,167E-4	101,835	4,62	
8,900	-0,225	-0,010	-0,035	-0,0054	-2,500E-4	-8,333E-4	101,872	4,62	
8,950	-0,226	-0,016	-0,035	-0,0054	-3,750E-4	-8,333E-4	101,844	4,62	
9,000	-0,226	-0,016	-0,017	-0,0054	-3,750E-4	-4,167E-4	101,846	4,62	55,2
9,050	-0,228	-0,016	0,017	-0,0054	-3,750E-4	4,167E-4	101,844	4,62	
9,100	-0,228	-0,016	0,035	-0,0054	-3,750E-4	8,333E-4	101,837	4,61	
9,150	-0,229	-0,010	0,035	-0,0055	-2,500E-4	8,333E-4	101,864	4,61	
9,200	-0,229	-0,010	3,227E-15	-0,0055	-2,500E-4	-1,084E-17	101,837	4,62	
9,250	-0,229	-0,010	-0,035	-0,0055	-2,500E-4	-8,333E-4	101,866	4,62	
9,300	-0,231	-0,016	-0,035	-0,0055	-3,750E-4	-8,333E-4	101,822	4,61	
9,350	-0,231	-0,016	-0,017	-0,0055	-3,750E-4	-4,167E-4	101,861	4,62	
9,400	-0,232	-0,016	0,017	-0,0056	-3,750E-4	4,167E-4	101,870	4,62	
9,450	-0,232	-0,016	0,035	-0,0056	-3,750E-4	8,333E-4	101,877	4,62	
9,500	-0,234	-0,010	0,035	-0,0056	-2,500E-4	8,333E-4	101,879	4,62	55,2
9,550	-0,234	-0,010	-4,163E-15	-0,0056	-2,500E-4	1,843E-17	101,859	4,62	
9,600	-0,234	-0,010	-0,035	-0,0056	-2,500E-4	-8,333E-4	101,866	4,62	
9,650	-0,236	-0,016	-0,017	-0,0056	-3,750E-4	-4,167E-4	101,816	4,62	
9,700	-0,236	-0,016	0,017	-0,0056	-3,750E-4	4,167E-4	101,879	4,62	
9,750	-0,237	-0,010	0,035	-0,0057	-2,500E-4	8,333E-4	101,848	4,62	
9,800	-0,237	-0,010	0,017	-0,0057	-2,500E-4	4,167E-4	101,864	4,62	
9,850	-0,237	-0,010	-3,123E-16	-0,0057	-2,500E-4	2,168E-17	101,875	4,63	
9,900	-0,239	-0,010	0,000	-0,0057	-2,500E-4	-5,800E-17	101,896	4,62	
9,950	-0,239	-0,010	0,000	-0,0057	-2,500E-4	-5,746E-17	101,846	4,62	
10,000	-0,239	-0,010	3,123E-16	-0,0057	-2,500E-4	-2,168E-17	101,846	4,62	55,2
10,050	-0,240	-0,010	0,000	-0,0057	-2,500E-4	0,000	101,857	4,62	
10,100	-0,240	-0,010	-0,017	-0,0057	-2,500E-4	-4,167E-4	101,859	4,62	
10,150	-0,240	-0,010	-0,035	-0,0057	-2,500E-4	-8,333E-4	101,840	4,63	
10,200	-0,242	-0,016	-0,017	-0,0058	-3,750E-4	-4,167E-4	101,853	4,62	
10,250	-0,242	-0,016	0,035	-0,0058	-3,750E-4	8,333E-4	101,848	4,62	
10,300	-0,243	-0,010	0,070	-0,0058	-2,500E-4	0,002	101,864	4,62	
10,350	-0,243	-0,005	0,035	-0,0058	-1,250E-4	8,333E-4	101,879	4,62	
10,400	-0,243	-0,005	-0,017	-0,0058	-1,250E-4	-4,167E-4	101,859	4,63	
10,450	-0,243	-0,010	-0,035	-0,0058	-2,500E-4	-8,333E-4	101,853	4,62	
10,500	-0,245	-0,010	-0,017	-0,0059	-2,500E-4	-4,167E-4	101,835	4,62	55,2
10,550	-0,245	-0,010	-0,017	-0,0059	-2,500E-4	-4,167E-4	101,842	4,63	
10,600	-0,245	-0,010	-0,035	-0,0059	-2,500E-4	-8,333E-4	101,890	4,62	
10,650	-0,247	-0,016	-0,017	-0,0059	-3,750E-4	-4,167E-4	101,859	4,63	
10,700	-0,247	-0,016	0,035	-0,0059	-3,750E-4	8,333E-4	101,848	4,62	
10,750	-0,248	-0,010	0,070	-0,0059	-2,500E-4	0,002	101,881	4,63	
10,800	-0,248	-0,005	0,035	-0,0059	-1,250E-4	8,333E-4	101,851	4,62	
10,850	-0,248	-0,005	-0,017	-0,0059	-1,250E-4	-4,167E-4	101,833	4,63	
10,900	-0,248	-0,010	-0,035	-0,0059	-2,500E-4	-8,333E-4	101,870	4,63	
10,950	-0,250	-0,010	-0,017	-0,0060	-2,500E-4	-4,167E-4	101,853	4,63	
11,000	-0,250	-0,010	1,232E-15	-0,0060	-2,500E-4	9,378E-17	101,857	4,63	55,2
11,050	-0,250	-0,010	9,368E-16	-0,0060	-2,500E-4	2,873E-17	101,872	4,63	
11,100	-0,251	-0,010	-3,123E-16	-0,0060	-2,500E-4	-6,505E-17	101,859	4,62	
11,150	-0,251	-0,010	-9,368E-16	-0,0060	-2,500E-4	-5,746E-17	101,837	4,63	
11,200	-0,251	-0,010	0,017	-0,0060	-2,500E-4	4,167E-4	101,833	4,63	
11,250	-0,253	-0,010	0,035	-0,0060	-2,500E-4	8,333E-4	101,866	4,63	
11,300	-0,253	-0,005	0,017	-0,0060	-1,250E-4	4,167E-4	101,835	4,63	
11,350	-0,253	-0,005	-0,017	-0,0060	-1,250E-4	-4,167E-4	101,824	4,63	
11,400	-0,253	-0,010	-0,035	-0,0060	-2,500E-4	-8,333E-4	101,866	4,64	
11,450	-0,254	-0,010	-0,017	-0,0061	-2,500E-4	-4,167E-4	101,827	4,62	
11,500	-0,254	-0,010	3,123E-16	-0,0061	-2,500E-4	7,589E-18	101,846	4,63	55,2
11,550	-0,254	-0,010	0,000	-0,0061	-2,500E-4	-8,674E-17	101,853	4,63	
11,600	-0,256	-0,010	-3,123E-16	-0,0061	-2,500E-4	-6,505E-17	101,859	4,63	
11,650	-0,256	-0,010	0,000	-0,0061	-2,500E-4	0,000	101,875	4,63	
11,700	-0,256	-0,010	0,000	-0,0061	-2,500E-4	2,873E-17	101,837	4,63	
11,750	-0,258	-0,010	3,123E-16	-0,0062	-2,500E-4	6,505E-17	101,835	4,63	
11,800	-0,258	-0,010	0,000	-0,0062	-2,500E-4	2,873E-17	101,835	4,63	
11,850	-0,258	-0,010	-3,123E-16	-0,0062	-2,500E-4	-3,632E-17	101,872	4,63	
11,900	-0,259	-0,010	0,000	-0,0062	-2,500E-4	-8,674E-17	101,866	4,64	
11,950	-0,259	-0,010	0,000	-0,0062	-2,500E-4	-2,873E-17	101,833	4,63	
12,000	-0,259	-0,010	0,017	-0,0062	-2,500E-4	4,167E-4	101,881	4,64	55,2
12,050	-0,261	-0,010	0,035	-0,0062	-2,500E-4	8,333E-4	101,881	4,63	
12,100	-0,261	-0,005	0,017	-0,0062	-1,250E-4	4,167E-4	101,886	4,63	
12,150	-0,261	-0,005	-0,017	-0,0062	-1,250E-4	-4,167E-4	101,868	4,63	
12,200	-0,261	-0,010	-0,017	-0,0062	-2,500E-4	-4,167E-4	101,851	4,63	
12,250	-0,262	-0,010	0,017	-0,0063	-2,500E-4	4,167E-4	101,846	4,64	
12,300	-0,262	-0,005	0,017	-0,0063	-1,250E-4	4,167E-4	101,859	4,63	
12,350	-0,262	-0,005	-0,035	-0,0063	-1,250E-4	-8,333E-4	101,853	4,64	
12,400	-0,262	-0,010	-0,070	-0,0063	-2,500E-4	-0,002	101,892	4,63	
12,450	-0,264	-0,016	-0,035	-0,0063	-3,750E-4	-8,333E-4	101,835	4,63	
12,500	-0,264	-0,016	0,035	-0,0063	-3,750E-4	8,333E-4	101,840	4,64	55,2
12,550	-0,265	-0,010	0,087	-0,0063	-2,500E-4	0,002	101,842	4,63	
12,600	-0,265	-0,005	0,070	-0,0063	-1,250E-4	0,002	101,844	4,64	
12,650	-0,265	0,000	1,561E-16	-0,0063	0,000	-2,521E-17	101,868	4,63	
12,700	-0,265	-0,005	-0,052	-0,0063	-1,250E-4	-0,001	101,886	4,63	
12,750	-0,265	-0,010	-0,052	-0,0063	-2,500E-4	-0,001	101,833	4,63	
12,800	-0,267	-0,010	-0,017	-0,0064	-2,500E-4	-4,167E-4	101,864	4,63	
12,850	-0,267	-0,010	-3,123E-16	-0,0064	-2,500E-4	-7,589E-18	101,886	4,63	
12,900	-0,267	-0,010	0,017	-0,0064	-2,500E-4	4,167E-4	101,870	4,63	
12,950	-0,269	-0,010	0,035	-0,0064	-2,500E-4	8,333E-4	101,905	4,64	
13,000	-0,269	-0,005	0,017	-0,0064	-1,250E-4	4,167E-4	101,868	4,64	55,2
13,050	-0,269	-0,005	-0,017	-0,0064	-1,250E-4	-4,167E-4	101,870	4,63	
13,100	-0,269	-0,010	-0,017	-0,0064	-2,500E-4	-4,167E-4	101,883	4,64	
13,150	-0,270	-0,010	0,017	-0,0065	-2,500E-4	4,167E-4	101,842	4,63	
13,200	-0,270	-0,005	0,017	-0,0065	-1,250E-4	4,167E-4	101,844	4,64	
13,250	-0,270	-0,005	-0,017	-0,0065	-1,250E-4	-4,167E-4	101,842	4,64	
13,300	-0,270	-0,010	-0,017	-0,0065	-2,500E-4	-4,167E-4	101,844	4,64	
13,350	-0,272	-0,010	0,017	-0,0065	-2,500E-4	4,167E-4	101,872	4,64	
13,400	-0,272	-0,005	0,017	-0,0065	-1,250E-4	4,167E-4	101,883	4,64	
13,450	-0,272	-0,005	-0,017	-0,0065	-1,250E-4	-4,167E-4	101,888	4,64	
13,500	-0,272	-0,010	-0,035	-0,0065	-2,500E-4	-8,333E-4	101,866	4,64	55,2
13,550	-0,273	-0,010	-0,017	-0,0065	-2,500E-4	-4,167E-4	101,848	4,65	
13,600	-0,273	-0,010	-3,123E-16	-0,0065	-2,500E-4	-3,632E-17	101,864	4,63	
13,650	-0,273	-0,010	0,017	-0,0065	-2,500E-4	4,167E-4	101,881	4,64	
13,700	-0,275	-0,010	0,035	-0,0066	-2,500E-4	8,333E-4	101,859	4,64	
13,750	-0,275	-0,005	0,017	-0,0066	-1,250E-4	4,167E-4	101,846	4,64	
13,800	-0,275	-0,005	-0,017	-0,0066	-1,250E-4	-4,167E-4	101,866	4,64	
13,850	-0,275	-0,010	-0,017	-0,0066	-2,500E-4	-4,167E-4	101,872	4,63	
13,900	-0,276	-0,010	0,035	-0,0066	-2,500E-4	8,333E-4	101,872	4,64	
13,950	-0,276	-0,005	0,070	-0,0066	-1,250E-4	0,002	101,861	4,64	
14,000	-0,276	0,000	0,035	-0,0066	0,000	8,333E-4	101,875	4,65	55,2
14,050	-0,276	0,000	-0,035	-0,0066	0,000	-8,333E-4	101,872	4,64	
14,100	-0,276	-0,005	-0,087	-0,0066	-1,250E-4	-0,002	101,859	4,64	
14,150	-0,276	-0,010	-0,087	-0,0066	-2,500E-4	-0,002	101,868	4,64	
14,200	-0,278	-0,016	-0,035	-0,0066	-3,750E-4	-8,333E-4	101,875	4,65	
14,250	-0,278	-0,016	0,017	-0,0066	-3,750E-4	4,167E-4	101,861	4,65	
14,300	-0,280	-0,010	0,035	-0,0067	-2,500E-4	8,333E-4	101,851	4,64	
14,350	-0,280	-0,010	0,017	-0,0067	-2,500E-4	4,167E-4	101,851	4,64	
14,400	-0,280	-0,010	0,017	-0,0067	-2,500E-4	4,167E-4	101,872	4,64	
14,450	-0,281	-0,010	0,052	-0,0067	-2,500E-4	0,001	101,879	4,65	
14,500	-0,281	-0,005	0,052	-0,0067	-1,250E-4	0,001	101,851	4,65	55,2
14,550	-0,281	0,000	0,000	-0,0067	0,000	2,900E-17	101,833	4,65	
14,600	-0,281	-0,005	-0,052	-0,0067	-1,250E-4	-0,001	101,861	4,64	
14,650	-0,281	-0,010	-0,035	-0,0067	-2,500E-4	-8,333E-4	101,883	4,65	
14,700	-0,283	-0,010	0,035	-0,0068	-2,500E-4	8,333E-4	101,881	4,64	
14,750	-0,283	-0,005	0,070	-0,0068	-1,250E-4	0,002	101,864	4,65	
14,800	-0,283	0,000	0,035	-0,0068	0,000	8,333E-4	101,864	4,65	
14,850	-0,283	0,000	-0,035	-0,0068	0,000	-8,333E-4	101,853	4,65	
14,900	-0,283	-0,005	-0,070	-0,0068	-1,250E-4	-0,002	101,842	4,65	
14,950	-0,283	-0,010	-0,052	-0,0068	-2,500E-4	-0,001	101,857	4,65	
15,000	-0,284	-0,010	-0,017	-0,0068	-2,500E-4	-4,167E-4	101,835	4,65	55,2
15,050	-0,284	-0,010	-0,017	-0,0068	-2,500E-4	-4,167E-4	101,827	4,66	
15,100	-0,284	-0,010	-0,035	-0,0068	-2,500E-4	-8,333E-4	101,842	4,64	
15,150	-0,286	-0,016	-0,017	-0,0068	-3,750E-4	-4,167E-4	101,846	4,65	
15,200	-0,286	-0,016	0,035	-0,0068	-3,750E-4	8,333E-4	101,853	4,65	
15,250	-0,287	-0,010	0,087	-0,0069	-2,500E-4	0,002	101,892	4,65	
15,300	-0,287	-0,005	0,070	-0,0069	-1,250E-4	0,002	101,899	4,65	
15,350	-0,287	0,000	-3,123E-16	-0,0069	0,000	-7,318E-18	101,868	4,65	
15,400	-0,287	-0,005	-0,052	-0,0069	-1,250E-4	-0,001	101,868	4,65	
15,450	-0,287	-0,010	-0,035	-0,0069	-2,500E-4	-8,333E-4	101,853	4,64	
15,500	-0,289	-0,010	0,017	-0,0069	-2,500E-4	4,167E-4	101,868	4,65	55,2
15,550	-0,289	-0,005	0,017	-0,0069	-1,250E-4	4,167E-4	101,866	4,65	
15,600	-0,289	-0,005	-0,017	-0,0069	-1,250E-4	-4,167E-4	101,827	4,65	
15,650	-0,289	-0,010	-0,035	-0,0069	-2,500E-4	-8,333E-4	101,853	4,64	
15,700	-0,291	-0,010	-0,017	-0,0069	-2,500E-4	-4,167E-4	101,886	4,66	
15,750	-0,291	-0,010	3,123E-16	-0,0069	-2,500E-4	7,047E-18	101,886	4,65	
15,800	-0,291	-0,010	0,000	-0,0069	-2,500E-4	5,746E-17	101,861	4,64	
15,850	-0,292	-0,010	-3,123E-16	-0,0070	-2,500E-4	7,969E-17	101,844	4,65	
15,900	-0,292	-0,010	0,000	-0,0070	-2,500E-4	0,000	101,870	4,66	
15,950	-0,292	-0,010	0,017	-0,0070	-2,500E-4	4,167E-4	101,859	4,65	
16,000	-0,294	-0,010	0,052	-0,0070	-2,500E-4	0,001	101,853	4,65	55,2
16,050	-0,294	-0,005	0,070	-0,0070	-1,250E-4	0,002	101,883	4,65	
16,100	-0,294	0,000	0,052	-0,0070	0,000	0,001	101,861	4,65	
16,150	-0,294	0,000	-1,518E-16	-0,0070	0,000	-3,727E-18	101,851	4,65	
16,200	-0,294	0,000	-0,052	-0,0070	0,000	-0,001	101,870	4,65	
16,250	-0,294	-0,005	-0,070	-0,0070	-1,250E-4	-0,002	101,861	4,65	
16,300	-0,294	-0,010	-0,035	-0,0070	-2,500E-4	-8,333E-4	101,894	4,65	
16,350	-0,295	-0,010	0,035	-0,0071	-2,500E-4	8,333E-4	101,848	4,65	
16,400	-0,295	-0,005	0,052	-0,0071	-1,250E-4	0,001	101,886	4,65	
16,450	-0,295	0,000	6,245E-16	-0,0071	0,000	1,594E-16	101,853	4,65	
16,500	-0,295	-0,005	-0,035	-0,0071	-1,250E-4	-8,333E-4	101,859	4,65	55,2
16,550	-0,295	-0,010	0,105	-0,0071	-2,500E-4	0,002	101,881	4,65	
16,600	-0,297	-0,005	0,524	-0,0071	-1,250E-4	0,012	101,907	4,65	
16,650	-0,297	0,031	1,100	-0,0071	7,500E-4	0,026	101,973	4,65	
16,700	-0,295	0,110	1,501	-0,0071	0,003	0,036	102,065	4,65	
16,750	-0,287	0,204	1,466	-0,0069	0,005	0,035	102,106	4,64	
16,800	-0,273	0,272	1,100	-0,0065	0,006	0,026	102,076	4,65	
16,850	-0,258	0,309	0,733	-0,0062	0,007	0,018	102,102	4,65	
16,900	-0,243	0,335	0,541	-0,0058	0,008	0,013	102,098	4,65	
16,950	-0,225	0,361	0,436	-0,0054	0,009	0,010	102,073	4,65	
17,000	-0,206	0,382	0,332	-0,0049	0,009	0,008	102,095	4,65	55,2
17,050	-0,187	0,393	0,244	-0,0045	0,009	0,006	102,095	4,66	
17,100	-0,167	0,403	0,209	-0,0040	0,010	0,005	102,135	4,66	
17,150	-0,146	0,414	0,209	-0,0035	0,010	0,005	102,115	4,65	
17,200	-0,126	0,424	0,192	-0,0030	0,010	0,005	102,115	4,65	
17,250	-0,104	0,435	0,140	-0,0025	0,010	0,003	102,104	4,66	
17,300	-0,082	0,440	0,070	-0,0020	0,010	0,002	102,106	4,66	
17,350	-0,060	0,440	0,017	-0,0014	0,011	4,167E-4	102,132	4,65	
17,400	-0,038	0,440	2,554E-14	-9,0000E-4	0,011	6,072E-16	102,124	4,65	
17,450	-0,016	0,440	-2,554E-14	-3,7500E-4	0,011	-6,072E-16	102,089	4,66	
17,500	0,006	0,440	-2,554E-14	1,5000E-4	0,011	-6,072E-16	102,106	4,65	55,2
17,550	0,028	0,440	-0,017	6,7500E-4	0,010	-4,167E-4	102,102	4,66	
17,600	0,050	0,440	-0,052	0,0012	0,011	-0,001	102,150	4,66	
17,650	0,072	0,435	-0,087	0,0017	0,010	-0,002	102,137	4,65	
17,700	0,094	0,429	-0,105	0,0022	0,010	-0,003	102,098	4,66	
17,750	0,115	0,424	-0,105	0,0027	0,010	-0,003	102,122	4,66	
17,800	0,137	0,419	-0,087	0,0033	0,010	-0,002	102,126	4,65	
17,850	0,157	0,414	-0,035	0,0037	0,010	-8,333E-4	102,148	4,66	
17,900	0,178	0,414	0,017	0,0042	0,010	4,167E-4	102,150	4,66	
17,950	0,198	0,419	0,035	0,0047	0,010	8,333E-4	102,150	4,66	
18,000	0,220	0,419	-2,720E-14	0,0052	0,010	-5,725E-16	102,165	4,66	55,2
18,050	0,240	0,419	-0,052	0,0057	0,010	-0,001	102,172	4,66	
18,100	0,261	0,414	-0,105	0,0062	0,010	-0,002	102,174	4,66	
18,150	0,283	0,408	-0,157	0,0067	0,010	-0,004	102,161	4,65	
18,200	0,302	0,398	-0,192	0,0072	0,010	-0,005	102,191	4,66	
18,250	0,322	0,387	-0,227	0,0077	0,009	-0,005	102,150	4,67	
18,300	0,341	0,377	-0,244	0,0081	0,009	-0,006	102,174	4,67	
18,350	0,360	0,361	-0,244	0,0086	0,009	-0,006	102,178	4,66	
18,400	0,377	0,351	-0,244	0,0090	0,008	-0,006	102,181	4,66	
18,450	0,394	0,340	-0,262	0,0094	0,008	-0,006	102,183	4,66	
18,500	0,412	0,325	-0,279	0,0098	0,008	-0,007	102,174	4,66	55,1
18,550	0,427	0,309	-0,262	0,0102	0,007	-0,006	102,183	4,67	
18,600	0,441	0,298	-0,227	0,0105	0,007	-0,005	102,229	4,66	
18,650	0,457	0,288	-0,209	0,0109	0,007	-0,005	102,185	4,66	
18,700	0,471	0,278	-0,192	0,0112	0,007	-0,005	102,205	4,66	
18,750	0,484	0,267	-0,175	0,0115	0,006	-0,004	102,200	4,66	
18,800	0,498	0,262	-0,175	0,0119	0,006	-0,004	102,196	4,66	
18,850	0,511	0,251	-0,175	0,0122	0,006	-0,004	102,185	4,67	
18,900	0,523	0,241	-0,175	0,0125	0,006	-0,004	102,181	4,67	
18,950	0,534	0,236	-0,175	0,0127	0,006	-0,004	102,174	4,67	
19,000	0,547	0,225	-0,192	0,0130	0,005	-0,005	102,246	4,67	55,1
19,050	0,558	0,215	-0,192	0,0133	0,005	-0,005	102,242	4,67	
19,100	0,567	0,204	-0,157	0,0135	0,005	-0,004	102,218	4,67	
19,150	0,578	0,199	-0,122	0,0138	0,005	-0,003	102,191	4,67	
19,200	0,587	0,194	-0,105	0,0140	0,005	-0,002	102,216	4,67	
19,250	0,597	0,188	-0,105	0,0142	0,004	-0,003	102,231	4,67	
19,300	0,606	0,183	-0,105	0,0145	0,004	-0,003	102,194	4,67	
19,350	0,616	0,178	-0,105	0,0147	0,004	-0,002	102,222	4,67	
19,400	0,624	0,173	-0,105	0,0149	0,004	-0,002	102,216	4,67	
19,450	0,633	0,168	-0,105	0,0151	0,004	-0,002	102,157	4,67	
19,500	0,641	0,162	-0,087	0,0153	0,004	-0,002	102,191	4,66	55,0
19,550	0,649	0,157	-0,052	0,0155	0,004	-0,001	102,198	4,68	
19,600	0,657	0,157	-0,035	0,0157	0,004	-8,333E-4	102,191	4,67	
19,650	0,664	0,157	-0,070	0,0159	0,004	-0,002	102,187	4,67	
19,700	0,672	0,152	-0,140	0,0160	0,004	-0,003	102,163	4,67	
19,750	0,680	0,141	-0,175	0,0162	0,003	-0,004	102,202	4,67	
19,800	0,686	0,131	-0,140	0,0164	0,003	-0,003	102,157	4,68	
19,850	0,693	0,126	-0,087	0,0165	0,003	-0,002	102,200	4,67	
19,900	0,699	0,126	-0,070	0,0167	0,003	-0,002	102,194	4,68	
19,950	0,705	0,120	-0,087	0,0168	0,003	-0,002	102,157	4,68	
20,000	0,712	0,115	-0,087	0,0170	0,003	-0,002	102,187	4,68	54,9
20,050	0,716	0,110	-0,052	0,0171	0,003	-0,001	102,174	4,68	
20,100	0,723	0,110	-0,035	0,0172	0,003	-8,333E-4	102,152	4,67	
20,150	0,727	0,110	-0,035	0,0174	0,003	-8,333E-4	102,185	4,67	
20,200	0,734	0,105	-0,052	0,0175	0,003	-0,001	102,209	4,68	
20,250	0,738	0,105	-0,070	0,0176	0,003	-0,002	102,176	4,67	
20,300	0,743	0,099	-0,087	0,0177	0,002	-0,002	102,167	4,68	
20,350	0,749	0,094	-0,087	0,0179	0,002	-0,002	102,174	4,68	
20,400	0,752	0,089	-0,052	0,0180	0,002	-0,001	102,165	4,68	
20,450	0,757	0,089	-0,035	0,0181	0,002	-8,333E-4	102,154	4,68	
20,500	0,762	0,089	-0,035	0,0182	0,002	-8,333E-4	102,141	4,68	54,8
20,550	0,767	0,084	-0,035	0,0183	0,002	-8,333E-4	102,183	4,68	
20,600	0,770	0,084	-0,035	0,0184	0,002	-8,333E-4	102,150	4,68	
20,650	0,774	0,084	-0,052	0,0185	0,002	-0,001	102,170	4,68	
20,700	0,779	0,079	-0,070	0,0186	0,002	-0,002	102,163	4,68	
20,750	0,782	0,073	-0,052	0,0187	0,002	-0,001	102,163	4,69	
20,800	0,785	0,073	-0,035	0,0188	0,002	-8,333E-4	102,165	4,69	
20,850	0,790	0,073	-0,052	0,0189	0,002	-0,001	102,178	4,68	
20,900	0,793	0,068	-0,070	0,0189	0,002	-0,002	102,152	4,68	
20,950	0,796	0,063	-0,052	0,0190	0,001	-0,001	102,165	4,69	
21,000	0,800	0,063	-0,017	0,0191	0,001	-4,167E-4	102,159	4,68	54,7
21,050	0,803	0,063	-3,747E-15	0,0192	0,001	-8,890E-17	102,141	4,68	
21,100	0,806	0,063	-0,017	0,0192	0,001	-4,167E-4	102,157	4,69	
21,150	0,809	0,063	-0,052	0,0193	0,001	-0,001	102,154	4,68	
21,200	0,812	0,058	-0,070	0,0194	0,001	-0,002	102,157	4,68	
21,250	0,815	0,052	-0,052	0,0195	0,001	-0,001	102,150	4,69	
21,300	0,817	0,052	-0,017	0,0195	0,001	-4,167E-4	102,178	4,68	
21,350	0,820	0,052	1,110E-14	0,0196	0,001	1,149E-16	102,167	4,69	
21,400	0,823	0,052	0,017	0,0196	0,001	4,167E-4	102,135	4,69	
21,450	0,825	0,052	0,035	0,0197	0,001	8,333E-4	102,146	4,69	
21,500	0,828	0,058	0,017	0,0198	0,001	4,167E-4	102,150	4,69	54,6
21,550	0,831	0,058	-0,035	0,0198	0,001	-8,333E-4	102,167	4,69	
21,600	0,834	0,052	-0,070	0,0199	0,001	-0,002	102,154	4,69	
21,650	0,836	0,047	-0,035	0,0199	0,001	-8,333E-4	102,146	4,69	
21,700	0,839	0,047	0,017	0,0200	0,001	4,167E-4	102,148	4,70	
21,750	0,840	0,052	0,035	0,0201	0,001	8,333E-4	102,159	4,70	
21,800	0,844	0,052	5,551E-16	0,0201	0,001	-3,057E-16	102,128	4,69	
21,850	0,847	0,052	-0,035	0,0202	0,001	-8,333E-4	102,165	4,69	
21,900	0,848	0,047	-0,035	0,0202	0,001	-8,333E-4	102,135	4,68	
21,950	0,851	0,047	-0,017	0,0203	0,001	-4,167E-4	102,154	4,69	
22,000	0,853	0,047	-2,776E-15	0,0204	0,001	4,987E-17	102,148	4,70	54,6
22,050	0,856	0,047	-0,017	0,0204	0,001	-4,167E-4	102,132	4,69	
22,100	0,858	0,047	-0,035	0,0205	0,001	-8,333E-4	102,128	4,70	
22,150	0,861	0,042	-0,035	0,0205	1,000E-3	-8,333E-4	102,132	4,70	
22,200	0,862	0,042	-0,017	0,0206	0,001	-4,167E-4	102,163	4,70	
22,250	0,864	0,042	-6,245E-15	0,0206	1,000E-3	-6,072E-17	102,152	4,69	
22,300	0,867	0,042	-9,923E-15	0,0207	1,000E-3	-6,072E-17	102,163	4,70	
22,350	0,869	0,042	-3,678E-15	0,0207	0,001	0,000	102,130	4,70	
22,400	0,870	0,042	-0,017	0,0208	1,000E-3	-4,167E-4	102,163	4,70	
22,450	0,873	0,042	-0,035	0,0208	1,000E-3	-8,333E-4	102,178	4,70	
22,500	0,875	0,037	-0,017	0,0209	8,750E-4	-4,167E-4	102,143	4,70	54,6
22,550	0,877	0,037	0,017	0,0209	8,750E-4	4,167E-4	102,163	4,70	
22,600	0,878	0,042	0,017	0,0210	0,001	4,167E-4	102,141	4,70	
22,650	0,881	0,042	-0,035	0,0210	1,000E-3	-8,333E-4	102,148	4,70	
22,700	0,883	0,037	-0,070	0,0211	8,750E-4	-0,002	102,181	4,70	
22,750	0,884	0,031	-0,052	0,0211	7,500E-4	-0,001	102,159	4,71	
22,800	0,886	0,031	-0,017	0,0211	7,500E-4	-4,167E-4	102,135	4,70	
22,850	0,888	0,031	3,747E-15	0,0212	7,500E-4	1,160E-16	102,146	4,70	
22,900	0,889	0,031	5,551E-15	0,0212	7,500E-4	1,605E-16	102,128	4,71	
22,950	0,891	0,031	-5,551E-15	0,0213	7,500E-4	-1,865E-16	102,150	4,70	
23,000	0,892	0,031	-1,291E-14	0,0213	7,500E-4	-3,914E-16	102,135	4,70	54,6
23,050	0,894	0,031	1,804E-15	0,0213	7,500E-4	7,047E-17	102,152	4,70	
23,100	0,895	0,031	1,110E-14	0,0214	7,500E-4	3,469E-16	102,172	4,71	
23,150	0,897	0,031	-0,017	0,0214	7,500E-4	-4,167E-4	102,170	4,71	
23,200	0,898	0,031	-0,052	0,0214	7,500E-4	-0,001	102,152	4,70	
23,250	0,900	0,026	-0,070	0,0215	6,250E-4	-0,002	102,161	4,71	
23,300	0,902	0,021	-0,035	0,0215	5,000E-4	-8,333E-4	102,167	4,70	
23,350	0,902	0,021	0,017	0,0215	5,000E-4	4,167E-4	102,194	4,71	
23,400	0,903	0,026	0,017	0,0216	6,250E-4	4,167E-4	102,143	4,70	
23,450	0,905	0,026	-0,017	0,0216	6,250E-4	-4,167E-4	102,167	4,71	
23,500	0,906	0,021	-0,035	0,0216	5,000E-4	-8,333E-4	102,157	4,71	54,6
23,550	0,906	0,021	-0,017	0,0216	5,000E-4	-4,167E-4	102,141	4,71	
23,600	0,908	0,021	1,481E-14	0,0217	5,000E-4	2,320E-16	102,137	4,71	
23,650	0,909	0,021	1,249E-15	0,0217	5,000E-4	-8,674E-17	102,174	4,71	
23,700	0,909	0,021	-1,357E-14	0,0217	5,000E-4	-3,177E-16	102,148	4,71	
23,750	0,911	0,021	-8,639E-15	0,0217	5,000E-4	-3,762E-16	102,146	4,71	
23,800	0,913	0,021	6,141E-15	0,0218	5,000E-4	-2,927E-17	102,130	4,71	
23,850	0,913	0,021	1,481E-14	0,0218	5,000E-4	3,469E-16	102,139	4,71	
23,900	0,914	0,021	-0,017	0,0218	5,000E-4	-4,167E-4	102,176	4,71	
23,950	0,916	0,021	-0,035	0,0219	5,000E-4	-8,333E-4	102,157	4,72	
24,000	0,916	0,016	-0,017	0,0219	3,750E-4	-4,167E-4	102,132	4,71	54,5
24,050	0,917	0,016	0,017	0,0219	3,750E-4	4,167E-4	102,117	4,71	
24,100	0,917	0,021	0,035	0,0219	5,000E-4	8,333E-4	102,146	4,71	
24,150	0,919	0,021	0,017	0,0219	5,000E-4	4,167E-4	102,119	4,71	
24,200	0,920	0,021	1,249E-15	0,0220	5,000E-4	1,453E-16	102,113	4,71	
24,250	0,920	0,021	-1,249E-15	0,0220	5,000E-4	-1,453E-16	102,167	4,71	
24,300	0,922	0,021	-1,249E-15	0,0220	5,000E-4	-2,602E-16	102,139	4,71	
24,350	0,924	0,021	0,000	0,0220	5,000E-4	-1,149E-16	102,137	4,72	
24,400	0,924	0,021	-2,429E-15	0,0220	5,000E-4	-8,674E-17	102,150	4,72	
24,450	0,925	0,021	-0,017	0,0221	5,000E-4	-4,167E-4	102,161	4,71	
24,500	0,927	0,021	-0,035	0,0221	5,000E-4	-8,333E-4	102,167	4,72	54,4
24,550	0,927	0,016	-0,017	0,0221	3,750E-4	-4,167E-4	102,157	4,71	
24,600	0,928	0,016	0,017	0,0222	3,750E-4	4,167E-4	102,141	4,72	
24,650	0,928	0,021	0,017	0,0222	5,000E-4	4,167E-4	102,132	4,72	
24,700	0,930	0,021	-0,035	0,0222	5,000E-4	-8,333E-4	102,148	4,72	
24,750	0,931	0,016	-0,070	0,0222	3,750E-4	-0,002	102,128	4,71	
24,800	0,931	0,010	-0,035	0,0222	2,500E-4	-8,333E-4	102,143	4,72	
24,850	0,931	0,010	0,017	0,0222	2,500E-4	4,167E-4	102,174	4,72	
24,900	0,933	0,016	0,017	0,0223	3,750E-4	4,167E-4	102,150	4,72	
24,950	0,933	0,016	-0,017	0,0223	3,750E-4	-4,167E-4	102,139	4,72	
25,000	0,935	0,010	-0,035	0,0223	2,500E-4	-8,333E-4	102,122	4,73	54,3
25,050	0,935	0,010	-4,302E-15	0,0223	2,500E-4	-1,301E-16	102,135	4,72	
25,100	0,935	0,010	0,035	0,0223	2,500E-4	8,333E-4	102,159	4,72	
25,150	0,936	0,016	0,017	0,0223	3,750E-4	4,167E-4	102,174	4,73	
25,200	0,936	0,016	-0,035	0,0223	3,750E-4	-8,333E-4	102,170	4,73	
25,250	0,938	0,010	-0,070	0,0224	2,500E-4	-0,002	102,113	4,72	
25,300	0,938	0,005	-0,035	0,0224	1,250E-4	-8,333E-4	102,106	4,72	
25,350	0,938	0,005	0,017	0,0224	1,250E-4	4,167E-4	102,159	4,73	
25,400	0,938	0,010	0,035	0,0224	2,500E-4	8,333E-4	102,137	4,72	
25,450	0,939	0,010	0,017	0,0224	2,500E-4	4,167E-4	102,132	4,73	
25,500	0,939	0,010	-4,319E-15	0,0224	2,500E-4	4,478E-16	102,119	4,73	54,3
25,550	0,939	0,010	-0,017	0,0224	2,500E-4	-4,167E-4	102,157	4,72	
25,600	0,941	0,010	-0,052	0,0225	2,500E-4	-0,001	102,130	4,72	
25,650	0,941	0,005	-0,052	0,0225	1,250E-4	-0,001	102,154	4,72	
25,700	0,941	0,000	6,245E-16	0,0225	0,000	1,464E-17	102,157	4,72	
25,750	0,941	0,005	0,052	0,0225	1,250E-4	0,001	102,117	4,72	
25,800	0,941	0,010	0,035	0,0225	2,500E-4	8,333E-4	102,113	4,73	
25,850	0,942	0,010	-0,017	0,0225	2,500E-4	-4,167E-4	102,141	4,72	
25,900	0,942	0,005	-0,017	0,0225	1,250E-4	-4,167E-4	102,122	4,72	
25,950	0,942	0,005	0,017	0,0225	1,250E-4	4,167E-4	102,148	4,73	
26,000	0,942	0,010	0,017	0,0225	2,500E-4	4,167E-4	102,115	4,72	54,2
26,050	0,944	0,010	-0,035	0,0225	2,500E-4	-8,333E-4	102,139	4,73	
26,100	0,944	0,005	-0,070	0,0225	1,250E-4	-0,002	102,117	4,73	
26,150	0,944	0,000	-0,035	0,0225	0,000	-8,333E-4	102,178	4,73	
26,200	0,944	0,000	0,035	0,0225	0,000	8,333E-4	102,139	4,74	
26,250	0,944	0,005	0,070	0,0225	1,250E-4	0,002	102,115	4,73	
26,300	0,944	0,010	0,035	0,0225	2,500E-4	8,333E-4	102,146	4,73	
26,350	0,946	0,010	-0,035	0,0226	2,500E-4	-8,333E-4	102,100	4,73	
26,400	0,946	0,005	-0,070	0,0226	1,250E-4	-0,002	102,139	4,73	
26,450	0,946	0,000	-0,052	0,0226	0,000	-0,001	102,108	4,74	
26,500	0,946	0,000	-0,017	0,0226	0,000	-4,167E-4	102,141	4,73	54,2
26,550	0,946	0,000	0,000	0,0226	0,000	0,000	102,139	4,73	
26,600	0,946	0,000	0,000	0,0226	0,000	0,000	102,137	4,74	
26,650	0,946	0,000	0,000	0,0226	0,000	0,000	102,126	4,74	
26,700	0,946	0,000	0,000	0,0226	0,000	0,000	102,128	4,74	
26,750	0,946	0,000	0,000	0,0226	0,000	0,000	102,117	4,74	
26,800	0,946	0,000	0,000	0,0226	0,000	0,000	102,095	4,73	
26,850	0,946	0,000	0,000	0,0226	0,000	0,000	102,143	4,74	
26,900	0,946	0,000	0,000	0,0226	0,000	0,000	102,093	4,73	
26,950	0,946	0,000	0,000	0,0226	0,000	0,000	102,132	4,74	
27,000	0,946	0,000	0,000	0,0226	0,000	0,000	102,143	4,74	54,1
27,050	0,946	0,000	0,000	0,0226	0,000	0,000	102,137	4,74	
27,100	0,946	0,000	0,000	0,0226	0,000	0,000	102,124	4,73	
27,150	0,946	0,000	0,000	0,0226	0,000	0,000	102,130	4,75	
27,200	0,946	0,000	0,000	0,0226	0,000	0,000	102,106	4,74	
27,250	0,946	0,000	0,000	0,0226	0,000	0,000	102,100	4,74	
27,300	0,946	0,000	0,000	0,0226	0,000	0,000	102,093	4,74	
27,350	0,946	0,000	0,000	0,0226	0,000	0,000	102,130	4,74	
27,400	0,946	0,000	0,000	0,0226	0,000	0,000	102,087	4,74	
27,450	0,946	0,000	0,000	0,0226	0,000	0,000	102,113	4,75	
27,500	0,946	0,000	0,000	0,0226	0,000	0,000	102,095	4,74	54,1
27,550	0,946	0,000	0,000	0,0226	0,000	0,000	102,111	4,74	
27,600	0,946	0,000	0,000	0,0226	0,000	0,000	102,111	4,75	
27,650	0,946	0,000	0,000	0,0226	0,000	0,000	102,076	4,75	
27,700	0,946	0,000	0,000	0,0226	0,000	0,000	102,036	4,74	
27,750	0,946	0,000	0,000	0,0226	0,000	0,000	102,071	4,75	
27,800	0,946	0,000	0,000	0,0226	0,000	0,000	102,054	4,74	
27,850	0,946	0,000	0,000	0,0226	0,000	0,000	102,063	4,74	
27,900	0,946	0,000	0,000	0,0226	0,000	0,000	102,056	4,75	
27,950	0,946	0,000	0,000	0,0226	0,000	0,000	102,028	4,75	
28,000	0,946	0,000	0,000	0,0226	0,000	0,000	102,056	4,75	54,1
28,050	0,946	0,000	0,000	0,0226	0,000	0,000	102,028	4,75	
28,100	0,946	0,000	0,000	0,0226	0,000	0,000	102,039	4,75	
28,150	0,946	0,000	0,000	0,0226	0,000	0,000	101,999	4,75	
28,200	0,946	0,000	0,000	0,0226	0,000	0,000	101,986	4,75	
28,250	0,946	0,000	0,000	0,0226	0,000	0,000	102,001	4,75	
28,300	0,946	0,000	0,000	0,0226	0,000	0,000	102,001	4,75	
28,350	0,946	0,000	0,000	0,0226	0,000	0,000	101,966	4,74	
28,400	0,946	0,000	0,000	0,0226	0,000	0,000	101,986	4,74	
28,450	0,946	0,000	0,000	0,0226	0,000	0,000	101,977	4,75	
28,500	0,946	0,000	0,000	0,0226	0,000	0,000	101,975	4,75	54,1
28,550	0,946	0,000	0,000	0,0226	0,000	0,000	101,969	4,74	
28,600	0,946	0,000	0,000	0,0226	0,000	0,000	101,988	4,74	
28,650	0,946	0,000	0,000	0,0226	0,000	0,000	101,971	4,75	
28,700	0,946	0,000	0,000	0,0226	0,000	0,000	101,945	4,75	
28,750	0,946	0,000	0,000	0,0226	0,000	0,000	101,940	4,75	
28,800	0,946	0,000	0,000	0,0226	0,000	0,000	101,953	4,75	
28,850	0,946	0,000	0,000	0,0226	0,000	0,000	101,942	4,76	
28,900	0,946	0,000	0,000	0,0226	0,000	0,000	101,936	4,75	
28,950	0,946	0,000	0,000	0,0226	0,000	0,000	101,993	4,75	
29,000	0,946	0,000	0,000	0,0226	0,000	0,000	101,953	4,75	54,1
29,050	0,946	0,000	0,000	0,0226	0,000	0,000	101,975	4,76	
29,100	0,946	0,000	0,000	0,0226	0,000	0,000	101,938	4,75	
29,150	0,946	0,000	0,000	0,0226	0,000	0,000	101,925	4,76	
29,200	0,946	0,000	0,000	0,0226	0,000	0,000	101,903	4,76	
29,250	0,946	0,000	0,000	0,0226	0,000	0,000	101,949	4,75	
29,300	0,946	0,000	0,000	0,0226	0,000	0,000	101,964	4,76	
29,350	0,946	0,000	0,000	0,0226	0,000	0,000	101,945	4,77	
29,400	0,946	0,000	0,000	0,0226	0,000	0,000	101,945	4,76	
29,450	0,946	0,000	0,000	0,0226	0,000	0,000	101,929	4,75	
29,500	0,946	0,000	0,000	0,0226	0,000	0,000	101,934	4,75	54,1
29,550	0,946	0,000	0,000	0,0226	0,000	0,000	101,912	4,76	
29,600	0,946	0,000	0,000	0,0226	0,000	0,000	101,949	4,76	
29,650	0,946	0,000	0,000	0,0226	0,000	0,000	101,903	4,77	
29,700	0,946	0,000	0,000	0,0226	0,000	0,000	101,890	4,76	
29,750	0,946	0,000	0,000	0,0226	0,000	0,000	101,912	4,76	
29,800	0,946	0,000	0,000	0,0226	0,000	0,000	101,920	4,76	
29,850	0,946	0,000	-0,017	0,0226	0,000	-4,167E-4	101,881	4,76	
29,900	0,946	0,000	-0,070	0,0226	0,000	-0,002	101,883	4,77	
29,950	0,946	-0,005	-0,140	0,0226	-1,250E-4	-0,003	101,890	4,77	
30,000	0,946	-0,016	-0,192	0,0226	-3,750E-4	-0,005	101,857	4,76	54,1
30,050	0,944	-0,026	-0,192	0,0225	-6,250E-4	-0,005	101,894	4,76	
30,100	0,942	-0,037	-0,122	0,0225	-8,750E-4	-0,003	101,912	4,77	
30,150	0,941	-0,042	-2,151E-15	0,0225	-1,000E-3	-5,204E-17	101,931	4,77	
30,200	0,938	-0,037	0,122	0,0224	-8,750E-4	0,003	102,006	4,76	
30,250	0,936	-0,026	0,175	0,0223	-6,250E-4	0,004	102,017	4,76	
30,300	0,936	-0,016	0,192	0,0223	-3,750E-4	0,005	101,999	4,76	
30,350	0,935	-0,010	0,384	0,0223	-2,500E-4	0,009	102,004	4,77	
30,400	0,935	0,005	0,750	0,0223	1,250E-4	0,018	101,988	4,76	
30,450	0,935	0,068	1,204	0,0223	0,002	0,029	101,997	4,77	
30,500	0,938	0,131	1,850	0,0224	0,003	0,044	101,938	4,77	54,1
30,550	0,952	0,225	2,601	0,0227	0,005	0,062	101,842	4,76	
30,600	0,957	0,403	2,793	0,0228	0,010	0,067	101,708	4,77	
30,650	0,983	0,576	1,868	0,0235	0,014	0,045	101,392	4,77	
30,700	1,027	0,618	0,349	0,0245	0,015	0,008	100,784	4,77	
30,750	1,054	0,571	-0,890	0,0252	0,014	-0,021	100,445	4,77	
30,800	1,071	0,513	-1,815	0,0256	0,012	-0,043	100,203	4,76	
30,850	1,111	0,414	-2,653	0,0265	0,010	-0,063	99,811	4,77	
30,900	1,125	0,230	-2,862	0,0268	0,006	-0,068	99,589	4,77	
30,950	1,125	0,058	-2,077	0,0268	0,001	-0,050	99,645	4,77	
31,000	1,126	0,010	-0,890	0,0269	2,500E-4	-0,021	99,617	4,77	54,1
31,050	1,126	0,010	-0,140	0,0269	2,500E-4	-0,003	99,663	4,77	
31,100	1,126	0,010	0,052	0,0269	2,500E-4	0,001	99,667	4,77	
31,150	1,128	0,016	0,070	0,0269	3,750E-4	0,002	99,676	4,77	
31,200	1,128	0,021	0,052	0,0269	5,000E-4	0,001	99,702	4,77	
31,250	1,129	0,021	-1,575E-14	0,0270	5,000E-4	3,253E-16	99,667	4,78	
31,300	1,131	0,021	-0,035	0,0270	5,000E-4	-8,333E-4	99,696	4,78	
31,350	1,131	0,016	-0,035	0,0270	3,750E-4	-8,333E-4	99,685	4,77	
31,400	1,133	0,016	-0,017	0,0270	3,750E-4	-4,167E-4	99,683	4,77	
31,450	1,133	0,016	2,311E-14	0,0270	3,750E-4	1,382E-16	99,685	4,77	
31,500	1,134	0,016	-0,017	0,0271	3,750E-4	-4,167E-4	99,676	4,78	54,1
31,550	1,134	0,016	-0,035	0,0271	3,750E-4	-8,333E-4	99,676	4,77	
31,600	1,136	0,010	-0,017	0,0271	2,500E-4	-4,167E-4	99,704	4,77	
31,650	1,136	0,010	0,035	0,0271	2,500E-4	8,333E-4	99,704	4,77	
31,700	1,136	0,016	0,052	0,0271	3,750E-4	0,001	99,691	4,77	
31,750	1,137	0,021	-0,017	0,0271	5,000E-4	-4,167E-4	99,676	4,78	
31,800	1,139	0,016	-0,087	0,0272	3,750E-4	-0,002	99,696	4,77	
31,850	1,139	0,005	-0,070	0,0272	1,250E-4	-0,002	99,683	4,78	
31,900	1,139	0,005	7,095E-15	0,0272	1,250E-4	1,079E-16	99,704	4,78	
31,950	1,139	0,010	0,017	0,0272	2,500E-4	4,167E-4	99,707	4,78	
32,000	1,140	0,010	-0,017	0,0272	2,500E-4	-4,167E-4	99,674	4,78	54,1
32,050	1,140	0,005	-0,017	0,0272	1,250E-4	-4,167E-4	99,720	4,78	
32,100	1,140	0,005	0,017	0,0272	1,250E-4	4,167E-4	99,707	4,77	
32,150	1,140	0,010	0,035	0,0272	2,500E-4	8,333E-4	99,698	4,78	
32,200	1,142	0,010	0,017	0,0273	2,500E-4	4,167E-4	99,700	4,78	
32,250	1,142	0,010	7,425E-15	0,0273	2,500E-4	4,624E-16	99,693	4,78	
32,300	1,142	0,010	-0,017	0,0273	2,500E-4	-4,167E-4	99,665	4,78	
32,350	1,144	0,010	-0,035	0,0273	2,500E-4	-8,333E-4	99,693	4,78	
32,400	1,144	0,005	-0,017	0,0273	1,250E-4	-4,167E-4	99,693	4,79	
32,450	1,144	0,005	0,017	0,0273	1,250E-4	4,167E-4	99,711	4,79	
32,500	1,144	0,010	0,017	0,0273	2,500E-4	4,167E-4	99,726	4,79	54,1
32,550	1,145	0,010	-0,035	0,0273	2,500E-4	-8,333E-4	99,717	4,78	
32,600	1,145	0,005	-0,070	0,0273	1,250E-4	-0,002	99,687	4,79	
32,650	1,145	0,000	-0,052	0,0273	0,000	-0,001	99,676	4,78	
32,700	1,145	0,000	-0,017	0,0273	0,000	-4,167E-4	99,689	4,78	
32,750	1,145	0,000	0,017	0,0273	0,000	4,167E-4	99,676	4,78	
32,800	1,145	0,000	0,052	0,0273	0,000	0,001	99,691	4,78	
32,850	1,145	0,005	0,070	0,0273	1,250E-4	0,002	99,717	4,79	
32,900	1,145	0,010	0,052	0,0273	2,500E-4	0,001	99,683	4,79	
32,950	1,147	0,010	0,017	0,0274	2,500E-4	4,167E-4	99,674	4,78	
33,000	1,147	0,010	0,017	0,0274	2,500E-4	4,167E-4	99,707	4,79	54,1
33,050	1,147	0,010	0,035	0,0274	2,500E-4	8,333E-4	99,685	4,79	
33,100	1,148	0,016	0,017	0,0274	3,750E-4	4,167E-4	99,669	4,79	
33,150	1,148	0,016	-0,035	0,0274	3,750E-4	-8,333E-4	99,645	4,79	
33,200	1,150	0,010	-0,087	0,0274	2,500E-4	-0,002	99,652	4,78	
33,250	1,150	0,005	-0,070	0,0274	1,250E-4	-0,002	99,672	4,78	
33,300	1,150	0,000	8,639E-15	0,0274	0,000	2,610E-16	99,663	4,78	
33,350	1,150	0,005	0,052	0,0274	1,250E-4	0,001	99,702	4,79	
33,400	1,150	0,010	0,035	0,0274	2,500E-4	8,333E-4	99,680	4,79	
33,450	1,151	0,010	-0,035	0,0275	2,500E-4	-8,333E-4	99,685	4,79	
33,500	1,151	0,005	-0,070	0,0275	1,250E-4	-0,002	99,663	4,79	54,1
33,550	1,151	0,000	-0,052	0,0275	0,000	-0,001	99,693	4,80	
33,600	1,151	0,000	-0,017	0,0275	0,000	-4,167E-4	99,680	4,79	
33,650	1,151	0,000	0,000	0,0275	0,000	0,000	99,665	4,79	
33,700	1,151	0,000	0,017	0,0275	0,000	4,167E-4	99,663	4,79	
33,750	1,151	0,000	0,052	0,0275	0,000	0,001	99,704	4,79	
33,800	1,151	0,005	0,070	0,0275	1,250E-4	0,002	99,691	4,79	
33,850	1,151	0,010	0,035	0,0275	2,500E-4	8,333E-4	99,693	4,79	
33,900	1,153	0,010	-0,035	0,0275	2,500E-4	-8,333E-4	99,698	4,79	
33,950	1,153	0,005	-0,070	0,0275	1,250E-4	-0,002	99,707	4,79	
34,000	1,153	0,000	-0,052	0,0275	0,000	-0,001	99,691	4,79	54,1
34,050	1,153	0,000	-0,017	0,0275	0,000	-4,167E-4	99,693	4,79	
34,100	1,153	0,000	0,000	0,0275	0,000	0,000	99,663	4,80	
34,150	1,153	0,000	0,000	0,0275	0,000	0,000	99,683	4,80	
34,200	1,153	0,000	0,000	0,0275	0,000	0,000	99,672	4,79	
34,250	1,153	0,000	0,017	0,0275	0,000	4,167E-4	99,683	4,80	
34,300	1,153	0,000	0,052	0,0275	0,000	0,001	99,658	4,80	
34,350	1,153	0,005	0,070	0,0275	1,250E-4	0,002	99,665	4,79	
34,400	1,153	0,010	0,052	0,0275	2,500E-4	0,001	99,663	4,80	
34,450	1,155	0,010	0,017	0,0276	2,500E-4	4,167E-4	99,680	4,80	
34,500	1,155	0,010	7,425E-15	0,0276	2,500E-4	4,624E-16	99,656	4,79	54,1
34,550	1,155	0,010	-0,017	0,0276	2,500E-4	-4,167E-4	99,672	4,80	
34,600	1,156	0,010	-0,052	0,0276	2,500E-4	-0,001	99,661	4,80	
34,650	1,156	0,005	-0,052	0,0276	1,250E-4	-0,001	99,665	4,80	
34,700	1,156	0,000	8,023E-15	0,0276	0,000	1,491E-17	99,698	4,80	
34,750	1,156	0,005	0,052	0,0276	1,250E-4	0,001	99,656	4,79	
34,800	1,156	0,010	0,035	0,0276	2,500E-4	8,333E-4	99,643	4,80	
34,850	1,158	0,010	-0,035	0,0276	2,500E-4	-8,333E-4	99,632	4,80	
34,900	1,158	0,005	-0,070	0,0276	1,250E-4	-0,002	99,669	4,80	
34,950	1,158	0,000	-0,052	0,0276	0,000	-0,001	99,704	4,79	
35,000	1,158	0,000	-0,017	0,0276	0,000	-4,167E-4	99,667	4,80	54,1
35,050	1,158	0,000	0,000	0,0276	0,000	0,000	99,696	4,81	
35,100	1,158	0,000	0,000	0,0276	0,000	0,000	99,648	4,80	
35,150	1,158	0,000	0,017	0,0276	0,000	4,167E-4	99,672	4,80	
35,200	1,158	0,000	0,052	0,0276	0,000	0,001	99,689	4,80	
35,250	1,158	0,005	0,070	0,0276	1,250E-4	0,002	99,691	4,80	
35,300	1,158	0,010	0,035	0,0276	2,500E-4	8,333E-4	99,665	4,80	
35,350	1,159	0,010	-0,035	0,0277	2,500E-4	-8,333E-4	99,661	4,80	
35,400	1,159	0,005	-0,070	0,0277	1,250E-4	-0,002	99,678	4,80	
35,450	1,159	0,000	-0,052	0,0277	0,000	-0,001	99,685	4,81	
35,500	1,159	0,000	-0,017	0,0277	0,000	-4,167E-4	99,676	4,81	54,1
35,550	1,159	0,000	0,000	0,0277	0,000	0,000	99,685	4,81	
35,600	1,159	0,000	0,000	0,0277	0,000	0,000	99,676	4,80	
35,650	1,159	0,000	0,000	0,0277	0,000	0,000	99,661	4,81	
35,700	1,159	0,000	0,000	0,0277	0,000	0,000	99,665	4,81	
35,750	1,159	0,000	0,000	0,0277	0,000	0,000	99,656	4,81	
35,800	1,159	0,000	0,000	0,0277	0,000	0,000	99,680	4,81	
35,850	1,159	0,000	0,000	0,0277	0,000	0,000	99,661	4,81	
35,900	1,159	0,000	0,017	0,0277	0,000	4,167E-4	99,674	4,81	
35,950	1,159	0,000	0,052	0,0277	0,000	0,001	99,680	4,80	
36,000	1,159	0,005	0,070	0,0277	1,250E-4	0,002	99,676	4,80	54,1
36,050	1,159	0,010	0,035	0,0277	2,500E-4	8,333E-4	99,691	4,81	
36,100	1,161	0,010	-0,035	0,0277	2,500E-4	-8,333E-4	99,674	4,81	
36,150	1,161	0,005	-0,070	0,0277	1,250E-4	-0,002	99,693	4,80	
36,200	1,161	0,000	-0,052	0,0277	0,000	-0,001	99,683	4,81	
36,250	1,161	0,000	-0,017	0,0277	0,000	-4,167E-4	99,669	4,81	
36,300	1,161	0,000	0,000	0,0277	0,000	0,000	99,661	4,80	
36,350	1,161	0,000	0,017	0,0277	0,000	4,167E-4	99,674	4,80	
36,400	1,161	0,000	0,052	0,0277	0,000	0,001	99,674	4,81	
36,450	1,161	0,005	0,070	0,0277	1,250E-4	0,002	99,676	4,81	
36,500	1,161	0,010	0,035	0,0277	2,500E-4	8,333E-4	99,704	4,82	54,1
36,550	1,162	0,010	-0,035	0,0277	2,500E-4	-8,333E-4	99,687	4,81	
36,600	1,162	0,005	-0,070	0,0277	1,250E-4	-0,002	99,654	4,81	
36,650	1,162	0,000	-0,052	0,0277	0,000	-0,001	99,661	4,80	
36,700	1,162	0,000	-0,017	0,0277	0,000	-4,167E-4	99,691	4,81	
36,750	1,162	0,000	0,000	0,0277	0,000	0,000	99,661	4,80	
36,800	1,162	0,000	0,000	0,0277	0,000	0,000	99,680	4,82	
36,850	1,162	0,000	0,000	0,0277	0,000	0,000	99,656	4,81	
36,900	1,162	0,000	0,000	0,0277	0,000	0,000	99,691	4,81	
36,950	1,162	0,000	0,000	0,0277	0,000	0,000	99,704	4,82	
37,000	1,162	0,000	0,000	0,0277	0,000	0,000	99,661	4,81	54,1
37,050	1,162	0,000	0,000	0,0277	0,000	0,000	99,696	4,81	
37,100	1,162	0,000	0,000	0,0277	0,000	0,000	99,654	4,81	
37,150	1,162	0,000	0,000	0,0277	0,000	0,000	99,700	4,82	
37,200	1,162	0,000	0,000	0,0277	0,000	0,000	99,676	4,82	
37,250	1,162	0,000	0,000	0,0277	0,000	0,000	99,676	4,82	
37,300	1,162	0,000	0,000	0,0277	0,000	0,000	99,650	4,82	
37,350	1,162	0,000	0,000	0,0277	0,000	0,000	99,672	4,81	
37,400	1,162	0,000	0,000	0,0277	0,000	0,000	99,663	4,81	
37,450	1,162	0,000	0,000	0,0277	0,000	0,000	99,658	4,82	
37,500	1,162	0,000	0,000	0,0277	0,000	0,000	99,683	4,81	54,1
37,550	1,162	0,000	0,000	0,0277	0,000	0,000	99,663	4,82	
37,600	1,162	0,000	0,000	0,0277	0,000	0,000	99,711	4,81	
37,650	1,162	0,000	0,000	0,0277	0,000	0,000	99,656	4,82	
37,700	1,162	0,000	0,000	0,0277	0,000	0,000	99,678	4,83	
37,750	1,162	0,000	0,000	0,0277	0,000	0,000	99,643	4,82	
37,800	1,162	0,000	0,000	0,0277	0,000	0,000	99,654	4,81	
37,850	1,162	0,000	0,000	0,0277	0,000	0,000	99,639	4,82	
37,900	1,162	0,000	0,000	0,0277	0,000	0,000	99,645	4,82	
37,950	1,162	0,000	0,000	0,0277	0,000	0,000	99,626	4,83	
38,000	1,162	0,000	0,000	0,0277	0,000	0,000	99,665	4,82	54,1
38,050	1,162	0,000	0,000	0,0277	0,000	0,000	99,685	4,81	
38,100	1,162	0,000	0,000	0,0277	0,000	0,000	99,623	4,82	
38,150	1,162	0,000	0,000	0,0277	0,000	0,000	99,643	4,82	
38,200	1,162	0,000	0,000	0,0277	0,000	0,000	99,674	4,82	
38,250	1,162	0,000	0,000	0,0277	0,000	0,000	99,630	4,82	
38,300	1,162	0,000	0,000	0,0277	0,000	0,000	99,661	4,82	
38,350	1,162	0,000	0,000	0,0277	0,000	0,000	99,663	4,83	
38,400	1,162	0,000	0,000	0,0277	0,000	0,000	99,652	4,83	
38,450	1,162	0,000	0,000	0,0277	0,000	0,000	99,654	4,83	
38,500	1,162	0,000	0,000	0,0277	0,000	0,000	99,619	4,82	54,1
38,550	1,162	0,000	0,000	0,0277	0,000	0,000	99,619	4,83	
38,600	1,162	0,000	0,000	0,0277	0,000	0,000	99,648	4,82	
38,650	1,162	0,000	0,000	0,0277	0,000	0,000	99,617	4,82	
38,700	1,162	0,000	0,000	0,0277	0,000	0,000	99,626	4,82	
38,750	1,162	0,000	0,000	0,0277	0,000	0,000	99,634	4,82	
38,800	1,162	0,000	0,000	0,0277	0,000	0,000	99,628	4,82	
38,850	1,162	0,000	0,000	0,0277	0,000	0,000	99,584	4,82	
38,900	1,162	0,000	0,000	0,0277	0,000	0,000	99,628	4,82	
38,950	1,162	0,000	0,000	0,0277	0,000	0,000	99,634	4,82	
39,000	1,162	0,000	0,000	0,0277	0,000	0,000	99,626	4,83	54,1
39,050	1,162	0,000	0,000	0,0277	0,000	0,000	99,582	4,83	
39,100	1,162	0,000	0,000	0,0277	0,000	0,000	99,608	4,83	
39,150	1,162	0,000	0,000	0,0277	0,000	0,000	99,613	4,83	
39,200	1,162	0,000	0,000	0,0277	0,000	0,000	99,599	4,83	
39,250	1,162	0,000	0,000	0,0277	0,000	0,000	99,615	4,83	
39,300	1,162	0,000	0,000	0,0277	0,000	0,000	99,610	4,83	
39,350	1,162	0,000	0,000	0,0277	0,000	0,000	99,589	4,83	
39,400	1,162	0,000	0,000	0,0277	0,000	0,000	99,582	4,83	
39,450	1,162	0,000	0,000	0,0277	0,000	0,000	99,597	4,82	
39,500	1,162	0,000	0,000	0,0277	0,000	0,000	99,586	4,83	54,1
39,550	1,162	0,000	0,000	0,0277	0,000	0,000	99,564	4,83	
39,600	1,162	0,000	0,000	0,0277	0,000	0,000	99,597	4,83	
39,650	1,162	0,000	0,000	0,0277	0,000	0,000	99,564	4,83	
39,700	1,162	0,000	0,000	0,0277	0,000	0,000	99,567	4,83	
39,750	1,162	0,000	0,000	0,0277	0,000	0,000	99,584	4,83	
39,800	1,162	0,000	0,000	0,0277	0,000	0,000	99,573	4,83	
39,850	1,162	0,000	0,000	0,0277	0,000	0,000	99,589	4,84	
39,900	1,162	0,000	0,000	0,0277	0,000	0,000	99,549	4,83	
39,950	1,162	0,000	0,000	0,0277	0,000	0,000	99,602	4,83	
40,000	1,162	0,000	0,000	0,0277	0,000	0,000	99,562	4,83	54,1
40,050	1,162	0,000	0,000	0,0277	0,000	0,000	99,569	4,83	
40,100	1,162	0,000	0,000	0,0277	0,000	0,000	99,584	4,83	
40,150	1,162	0,000	0,000	0,0277	0,000	0,000	99,562	4,83	
40,200	1,162	0,000	0,000	0,0277	0,000	0,000	99,554	4,83	
40,250	1,162	0,000	0,000	0,0277	0,000	0,000	99,547	4,83	
40,300	1,162	0,000	0,000	0,0277	0,000	0,000	99,551	4,84	
40,350	1,162	0,000	0,000	0,0277	0,000	0,000	99,593	4,83	
40,400	1,162	0,000	0,000	0,0277	0,000	0,000	99,591	4,83	
40,450	1,162	0,000	0,000	0,0277	0,000	0,000	99,569	4,84	
40,500	1,162	0,000	0,000	0,0277	0,000	0,000	99,560	4,84	54,1
40,550	1,162	0,000	0,000	0,0277	0,000	0,000	99,586	4,83	
40,600	1,162	0,000	0,000	0,0277	0,000	0,000	99,569	4,83	
40,650	1,162	0,000	0,000	0,0277	0,000	0,000	99,573	4,83	
40,700	1,162	0,000	0,000	0,0277	0,000	0,000	99,558	4,84	
40,750	1,162	0,000	0,000	0,0277	0,000	0,000	99,589	4,84	
40,800	1,162	0,000	0,000	0,0277	0,000	0,000	99,564	4,83	
40,850	1,162	0,000	0,000	0,0277	0,000	0,000	99,599	4,84	
40,900	1,162	0,000	0,000	0,0277	0,000	0,000	99,567	4,83	
40,950	1,162	0,000	0,000	0,0277	0,000	0,000	99,591	4,84	
41,000	1,162	0,000	0,000	0,0277	0,000	0,000	99,578	4,83	54,1
41,050	1,162	0,000	0,000	0,0277	0,000	0,000	99,564	4,84	
41,100	1,162	0,000	0,000	0,0277	0,000	0,000	99,571	4,84	
41,150	1,162	0,000	0,000	0,0277	0,000	0,000	99,571	4,84	
41,200	1,162	0,000	0,000	0,0277	0,000	0,000	99,573	4,84	
41,250	1,162	0,000	0,000	0,0277	0,000	0,000	99,602	4,84	
41,300	1,162	0,000	0,000	0,0277	0,000	0,000	99,591	4,84	
41,350	1,162	0,000	0,000	0,0277	0,000	0,000	99,604	4,84	
41,400	1,162	0,000	0,000	0,0277	0,000	0,000	99,628	4,84	
41,450	1,162	0,000	0,000	0,0277	0,000	0,000	99,597	4,84	
41,500	1,162	0,000	0,000	0,0277	0,000	0,000	99,597	4,83	54,1
41,550	1,162	0,000	0,000	0,0277	0,000	0,000	99,621	4,84	
41,600	1,162	0,000	0,000	0,0277	0,000	0,000	99,606	4,84	
41,650	1,162	0,000	0,000	0,0277	0,000	0,000	99,569	4,85	
41,700	1,162	0,000	0,000	0,0277	0,000	0,000	99,626	4,84	
41,750	1,162	0,000	0,000	0,0277	0,000	0,000	99,615	4,84	
41,800	1,162	0,000	0,000	0,0277	0,000	0,000	99,628	4,84	
41,850	1,162	0,000	0,000	0,0277	0,000	0,000	99,630	4,84	
41,900	1,162	0,000	0,000	0,0277	0,000	0,000	99,619	4,84	
41,950	1,162	0,000	0,000	0,0277	0,000	0,000	99,639	4,84	
42,000	1,162	0,000	0,000	0,0277	0,000	0,000	99,639	4,84	54,1
42,050	1,162	0,000	0,000	0,0277	0,000	0,000	99,626	4,84	
42,100	1,162	0,000	0,000	0,0277	0,000	0,000	99,645	4,83	
42,150	1,162	0,000	0,000	0,0277	0,000	0,000	99,650	4,85	
42,200	1,162	0,000	0,000	0,0277	0,000	0,000	99,641	4,84	
42,250	1,162	0,000	0,000	0,0277	0,000	0,000	99,617	4,84	
42,300	1,162	0,000	0,000	0,0277	0,000	0,000	99,593	4,84	
42,350	1,162	0,000	0,000	0,0277	0,000	0,000	99,595	4,85	
42,400	1,162	0,000	0,000	0,0277	0,000	0,000	99,628	4,84	
42,450	1,162	0,000	0,000	0,0277	0,000	0,000	99,626	4,84	
42,500	1,162	0,000	0,000	0,0277	0,000	0,000	99,619	4,84	54,1
42,550	1,162	0,000	0,000	0,0277	0,000	0,000	99,617	4,84	
42,600	1,162	0,000	0,000	0,0277	0,000	0,000	99,597	4,85	
42,650	1,162	0,000	0,000	0,0277	0,000	0,000	99,597	4,84	
42,700	1,162	0,000	0,000	0,0277	0,000	0,000	99,595	4,84	
42,750	1,162	0,000	0,000	0,0277	0,000	0,000	99,578	4,84	
42,800	1,162	0,000	0,000	0,0277	0,000	0,000	99,573	4,84	
42,850	1,162	0,000	0,000	0,0277	0,000	0,000	99,586	4,84	
42,900	1,162	0,000	0,000	0,0277	0,000	0,000	99,575	4,85	
42,950	1,162	0,000	0,000	0,0277	0,000	0,000	99,571	4,84	
43,000	1,162	0,000	0,000	0,0277	0,000	0,000	99,602	4,84	54,1
43,050	1,162	0,000	0,000	0,0277	0,000	0,000	99,593	4,85	
43,100	1,162	0,000	0,000	0,0277	0,000	0,000	99,591	4,85	
43,150	1,162	0,000	0,000	0,0277	0,000	0,000	99,606	4,84	
43,200	1,162	0,000	0,000	0,0277	0,000	0,000	99,608	4,85	
43,250	1,162	0,000	0,000	0,0277	0,000	0,000	99,575	4,84	
43,300	1,162	0,000	0,000	0,0277	0,000	0,000	99,602	4,85	
43,350	1,162	0,000	0,000	0,0277	0,000	0,000	99,582	4,84	
43,400	1,162	0,000	0,000	0,0277	0,000	0,000	99,602	4,85	
43,450	1,162	0,000	0,000	0,0277	0,000	0,000	99,586	4,85	
43,500	1,162	0,000	0,000	0,0277	0,000	0,000	99,610	4,85	54,1
43,550	1,162	0,000	0,000	0,0277	0,000	0,000	99,650	4,85	
43,600	1,162	0,000	0,000	0,0277	0,000	0,000	99,623	4,84	
43,650	1,162	0,000	0,000	0,0277	0,000	0,000	99,621	4,85	
43,700	1,162	0,000	0,000	0,0277	0,000	0,000	99,626	4,85	
43,750	1,162	0,000	0,000	0,0277	0,000	0,000	99,641	4,85	
43,800	1,162	0,000	0,000	0,0277	0,000	0,000	99,665	4,84	
43,850	1,162	0,000	0,000	0,0277	0,000	0,000	99,615	4,85	
43,900	1,162	0,000	0,000	0,0277	0,000	0,000	99,634	4,85	
43,950	1,162	0,000	0,000	0,0277	0,000	0,000	99,698	4,85	
44,000	1,162	0,000	0,000	0,0277	0,000	0,000	99,654	4,85	54,1
44,050	1,162	0,000	0,000	0,0277	0,000	0,000	99,652	4,85	
44,100	1,162	0,000	0,000	0,0277	0,000	0,000	99,597	4,85	
44,150	1,162	0,000	0,000	0,0277	0,000	0,000	99,648	4,85	
44,200	1,162	0,000	0,000	0,0277	0,000	0,000	99,652	4,85	
44,250	1,162	0,000	0,000	0,0277	0,000	0,000	99,593	4,85	
44,300	1,162	0,000	0,000	0,0277	0,000	0,000	99,623	4,85	
44,350	1,162	0,000	0,000	0,0277	0,000	0,000	99,621	4,85	
44,400	1,162	0,000	0,000	0,0277	0,000	0,000	99,597	4,85	
44,450	1,162	0,000	0,000	0,0277	0,000	0,000	99,573	4,85	
44,500	1,162	0,000	0,000	0,0277	0,000	0,000	99,562	4,85	54,1
44,550	1,162	0,000	0,000	0,0277	0,000	0,000	99,556	4,86	
44,600	1,162	0,000	-0,035	0,0277	0,000	-8,333E-4	99,575	4,85	
44,650	1,162	0,000	-0,175	0,0277	0,000	-0,004	99,530	4,85	
44,700	1,162	-0,010	-0,471	0,0277	-2,500E-4	-0,011	99,538	4,85	
44,750	1,162	-0,042	-0,838	0,0277	-0,001	-0,020	99,525	4,85	
44,800	1,159	-0,099	-1,065	0,0277	-0,002	-0,025	99,486	4,85	
44,850	1,153	-0,162	-1,012	0,0275	-0,004	-0,024	99,497	4,85	
44,900	1,142	-0,209	-0,750	0,0273	-0,005	-0,018	99,481	4,85	
44,950	1,131	-0,236	-0,506	0,0270	-0,006	-0,012	99,484	4,85	
45,000	1,118	-0,251	-0,419	0,0267	-0,006	-0,010	99,503	4,86	54,1
45,050	1,106	-0,272	-0,454	0,0264	-0,006	-0,011	99,486	4,85	
45,100	1,092	-0,298	-0,489	0,0261	-0,007	-0,012	99,464	4,85	
45,150	1,076	-0,325	-0,454	0,0257	-0,008	-0,011	99,462	4,85	
45,200	1,059	-0,346	-0,349	0,0253	-0,008	-0,008	99,427	4,86	
45,250	1,041	-0,361	-0,192	0,0249	-0,009	-0,005	99,464	4,86	
45,300	1,023	-0,367	-0,017	0,0244	-0,009	-4,167E-4	99,479	4,85	
45,350	1,004	-0,361	0,087	0,0240	-0,009	0,002	99,455	4,85	
45,400	0,986	-0,351	0,087	0,0235	-0,008	0,002	99,453	4,85	
45,450	0,969	-0,351	0,052	0,0231	-0,008	0,001	99,433	4,85	
45,500	0,952	-0,351	0,052	0,0227	-0,008	0,001	99,460	4,85	54,2
45,550	0,933	-0,346	0,070	0,0223	-0,008	0,002	99,464	4,86	
45,600	0,917	-0,340	0,052	0,0219	-0,008	0,001	99,471	4,85	
45,650	0,900	-0,340	0,052	0,0215	-0,008	0,001	99,440	4,85	
45,700	0,883	-0,340	0,105	0,0211	-0,008	0,003	99,499	4,86	
45,750	0,866	-0,330	0,157	0,0207	-0,008	0,004	99,484	4,85	
45,800	0,850	-0,319	0,140	0,0203	-0,008	0,003	99,460	4,86	
45,850	0,834	-0,314	0,070	0,0199	-0,007	0,002	99,468	4,86	
45,900	0,818	-0,314	0,035	0,0195	-0,008	8,333E-4	99,431	4,87	
45,950	0,803	-0,314	0,070	0,0192	-0,007	0,002	99,449	4,86	
46,000	0,787	-0,309	0,122	0,0188	-0,007	0,003	99,449	4,87	54,3
46,050	0,771	-0,298	0,122	0,0184	-0,007	0,003	99,479	4,86	
46,100	0,757	-0,293	0,087	0,0181	-0,007	0,002	99,481	4,86	
46,150	0,743	-0,293	0,087	0,0177	-0,007	0,002	99,453	4,87	
46,200	0,727	-0,288	0,140	0,0174	-0,007	0,003	99,462	4,86	
46,250	0,713	-0,278	0,175	0,0170	-0,007	0,004	99,420	4,86	
46,300	0,701	-0,267	0,140	0,0167	-0,006	0,003	99,429	4,86	
46,350	0,686	-0,262	0,070	0,0164	-0,006	0,002	99,444	4,87	
46,400	0,674	-0,262	0,017	0,0161	-0,006	4,167E-4	99,427	4,86	
46,450	0,661	-0,262	0,017	0,0158	-0,006	4,167E-4	99,396	4,87	
46,500	0,647	-0,262	0,070	0,0154	-0,006	0,002	99,436	4,86	54,3
46,550	0,635	-0,257	0,122	0,0151	-0,006	0,003	99,479	4,86	
46,600	0,622	-0,246	0,140	0,0148	-0,006	0,003	99,446	4,85	
46,650	0,609	-0,241	0,122	0,0145	-0,006	0,003	99,471	4,86	
46,700	0,598	-0,236	0,105	0,0143	-0,006	0,002	99,479	4,86	
46,750	0,586	-0,230	0,122	0,0140	-0,006	0,003	99,427	4,85	
46,800	0,575	-0,225	0,140	0,0137	-0,005	0,003	99,475	4,87	
46,850	0,564	-0,215	0,122	0,0135	-0,005	0,003	99,488	4,86	
46,900	0,553	-0,209	0,070	0,0132	-0,005	0,002	99,468	4,86	
46,950	0,543	-0,209	0,035	0,0130	-0,005	8,333E-4	99,449	4,86	
47,000	0,533	-0,209	0,070	0,0127	-0,005	0,002	99,466	4,87	54,3
47,050	0,522	-0,204	0,122	0,0124	-0,005	0,003	99,453	4,86	
47,100	0,512	-0,194	0,122	0,0122	-0,005	0,003	99,495	4,86	
47,150	0,503	-0,188	0,070	0,0120	-0,005	0,002	99,453	4,85	
47,200	0,493	-0,188	0,017	0,0118	-0,004	4,167E-4	99,453	4,86	
47,250	0,484	-0,188	0,017	0,0115	-0,005	4,167E-4	99,495	4,86	
47,300	0,474	-0,188	0,052	0,0113	-0,004	0,001	99,499	4,86	
47,350	0,465	-0,183	0,087	0,0111	-0,004	0,002	99,455	4,86	
47,400	0,456	-0,178	0,105	0,0109	-0,004	0,002	99,484	4,86	
47,450	0,448	-0,173	0,105	0,0107	-0,004	0,002	99,503	4,86	
47,500	0,438	-0,168	0,105	0,0105	-0,004	0,003	99,503	4,86	54,3
47,550	0,430	-0,162	0,105	0,0103	-0,004	0,002	99,538	4,87	
47,600	0,423	-0,157	0,105	0,0101	-0,004	0,002	99,514	4,86	
47,650	0,415	-0,152	0,087	0,0099	-0,004	0,002	99,508	4,86	
47,700	0,407	-0,147	0,052	0,0097	-0,003	0,001	99,505	4,86	
47,750	0,401	-0,147	0,035	0,0096	-0,004	8,333E-4	99,525	4,86	
47,800	0,393	-0,147	0,052	0,0094	-0,003	0,001	99,492	4,86	
47,850	0,385	-0,141	0,070	0,0092	-0,003	0,002	99,501	4,85	
47,900	0,379	-0,136	0,052	0,0090	-0,003	0,001	99,473	4,86	
47,950	0,372	-0,136	0,035	0,0089	-0,003	8,333E-4	99,538	4,86	
48,000	0,364	-0,136	0,052	0,0087	-0,003	0,001	99,471	4,86	54,4
48,050	0,358	-0,131	0,070	0,0085	-0,003	0,002	99,501	4,87	
48,100	0,352	-0,126	0,070	0,0084	-0,003	0,002	99,497	4,86	
48,150	0,346	-0,126	0,070	0,0082	-0,003	0,002	99,519	4,86	
48,200	0,339	-0,120	0,070	0,0081	-0,003	0,002	99,525	4,86	
48,250	0,333	-0,115	0,052	0,0079	-0,003	0,001	99,505	4,86	
48,300	0,328	-0,115	0,017	0,0078	-0,003	4,167E-4	99,497	4,86	
48,350	0,322	-0,115	0,017	0,0077	-0,003	4,167E-4	99,497	4,86	
48,400	0,316	-0,115	0,052	0,0075	-0,003	0,001	99,527	4,86	
48,450	0,311	-0,110	0,087	0,0074	-0,003	0,002	99,492	4,87	
48,500	0,305	-0,105	0,087	0,0073	-0,003	0,002	99,530	4,86	54,4
48,550	0,300	-0,099	0,035	0,0072	-0,002	8,333E-4	99,543	4,86	
48,600	0,295	-0,099	-0,017	0,0070	-0,002	-4,167E-4	99,523	4,86	
48,650	0,291	-0,105	-0,017	0,0069	-0,003	-4,167E-4	99,501	4,86	
48,700	0,284	-0,105	0,035	0,0068	-0,002	8,333E-4	99,503	4,86	
48,750	0,280	-0,099	0,087	0,0067	-0,002	0,002	99,499	4,86	
48,800	0,275	-0,094	0,105	0,0066	-0,002	0,002	99,525	4,87	
48,850	0,270	-0,089	0,087	0,0064	-0,002	0,002	99,519	4,86	
48,900	0,265	-0,084	0,035	0,0063	-0,002	8,333E-4	99,534	4,86	
48,950	0,262	-0,084	-0,017	0,0063	-0,002	-4,167E-4	99,508	4,86	
49,000	0,258	-0,089	-0,017	0,0061	-0,002	-4,167E-4	99,554	4,87	54,4
49,050	0,253	-0,089	0,035	0,0060	-0,002	8,333E-4	99,495	4,86	
49,100	0,248	-0,084	0,070	0,0059	-0,002	0,002	99,525	4,86	
49,150	0,245	-0,079	0,052	0,0058	-0,002	0,001	99,545	4,86	
49,200	0,240	-0,079	0,017	0,0057	-0,002	4,167E-4	99,530	4,86	
49,250	0,237	-0,079	9,159E-15	0,0057	-0,002	2,212E-16	99,527	4,86	
49,300	0,232	-0,079	0,000	0,0055	-0,002	0,000	99,497	4,86	
49,350	0,229	-0,079	0,000	0,0055	-0,002	0,000	99,538	4,86	
49,400	0,225	-0,079	0,017	0,0054	-0,002	4,167E-4	99,510	4,87	
49,450	0,221	-0,079	0,052	0,0053	-0,002	0,001	99,516	4,86	
49,500	0,217	-0,073	0,087	0,0052	-0,002	0,002	99,534	4,86	54,4
49,550	0,214	-0,068	0,070	0,0051	-0,002	0,002	99,554	4,86	
49,600	0,210	-0,063	5,551E-16	0,0050	-0,001	-1,301E-17	99,532	4,86	
49,650	0,207	-0,068	-0,052	0,0049	-0,002	-0,001	99,536	4,86	
49,700	0,204	-0,073	-0,035	0,0049	-0,002	-8,333E-4	99,527	4,86	
49,750	0,199	-0,073	0,052	0,0048	-0,002	0,001	99,536	4,86	
49,800	0,196	-0,068	0,122	0,0047	-0,002	0,003	99,538	4,86	
49,850	0,193	-0,058	0,122	0,0046	-0,001	0,003	99,554	4,86	
49,900	0,190	-0,052	0,052	0,0045	-0,001	0,001	99,543	4,86	
49,950	0,188	-0,052	-0,035	0,0045	-0,001	-8,333E-4	99,525	4,86	
50,000	0,185	-0,058	-0,070	0,0044	-0,001	-0,002	99,532	4,86	54,4
50,050	0,182	-0,063	-0,035	0,0043	-0,001	-8,333E-4	99,523	4,86	
50,100	0,179	-0,063	0,035	0,0043	-0,001	8,333E-4	99,519	4,86	
50,150	0,176	-0,058	0,070	0,0042	-0,001	0,002	99,558	4,86	
50,200	0,173	-0,052	0,052	0,0041	-0,001	0,001	99,540	4,86	
50,250	0,171	-0,052	0,017	0,0041	-0,001	4,167E-4	99,536	4,86	
50,300	0,168	-0,052	0,000	0,0040	-0,001	0,000	99,536	4,86	
50,350	0,165	-0,052	0,000	0,0039	-0,001	4,554E-17	99,545	4,85	
50,400	0,163	-0,052	-6,176E-15	0,0039	-0,001	-1,041E-16	99,499	4,85	
50,450	0,160	-0,052	0,017	0,0038	-0,001	4,167E-4	99,516	4,86	
50,500	0,157	-0,052	0,035	0,0037	-0,001	8,333E-4	99,521	4,86	54,4
50,550	0,156	-0,047	0,035	0,0037	-0,001	8,333E-4	99,540	4,86	
50,600	0,152	-0,047	0,017	0,0036	-0,001	4,167E-4	99,519	4,86	
50,650	0,151	-0,047	-5,551E-15	0,0036	-0,001	-1,626E-16	99,547	4,86	
50,700	0,148	-0,047	0,017	0,0035	-0,001	4,167E-4	99,538	4,85	
50,750	0,146	-0,047	0,035	0,0035	-0,001	8,333E-4	99,549	4,86	
50,800	0,143	-0,042	0,035	0,0034	-1,000E-3	8,333E-4	99,503	4,86	
50,850	0,141	-0,042	6,245E-16	0,0034	-1,000E-3	-1,301E-17	99,545	4,86	
50,900	0,140	-0,042	-0,035	0,0033	-0,001	-8,333E-4	99,521	4,86	
50,950	0,137	-0,047	-0,017	0,0033	-0,001	-4,167E-4	99,536	4,86	
51,000	0,135	-0,047	0,035	0,0032	-0,001	8,333E-4	99,567	4,87	54,4
51,050	0,132	-0,042	0,070	0,0031	-1,000E-3	0,002	99,484	4,86	
51,100	0,130	-0,037	0,035	0,0031	-8,750E-4	8,333E-4	99,527	4,86	
51,150	0,129	-0,037	-0,017	0,0031	-8,750E-4	-4,167E-4	99,530	4,86	
51,200	0,127	-0,042	-0,017	0,0030	-1,000E-3	-4,167E-4	99,536	4,86	
51,250	0,124	-0,042	0,017	0,0030	-0,001	4,167E-4	99,523	4,85	
51,300	0,123	-0,037	0,017	0,0029	-8,750E-4	4,167E-4	99,549	4,86	
51,350	0,121	-0,037	-0,017	0,0029	-8,750E-4	-4,167E-4	99,556	4,86	
51,400	0,119	-0,042	-0,017	0,0028	-0,001	-4,167E-4	99,560	4,85	
51,450	0,116	-0,042	0,035	0,0028	-1,000E-3	8,333E-4	99,534	4,86	
51,500	0,115	-0,037	0,070	0,0027	-8,750E-4	0,002	99,510	4,86	54,4
51,550	0,113	-0,031	0,052	0,0027	-7,500E-4	0,001	99,527	4,86	
51,600	0,112	-0,031	0,017	0,0027	-7,500E-4	4,167E-4	99,554	4,86	
51,650	0,110	-0,031	-3,747E-15	0,0026	-7,500E-4	-8,782E-17	99,543	4,86	
51,700	0,108	-0,031	0,000	0,0026	-7,500E-4	0,000	99,549	4,86	
51,750	0,107	-0,031	-0,017	0,0025	-7,500E-4	-4,167E-4	99,532	4,86	
51,800	0,105	-0,031	-0,035	0,0025	-7,500E-4	-8,333E-4	99,523	4,86	
51,850	0,104	-0,037	-0,035	0,0025	-8,750E-4	-8,333E-4	99,538	4,86	
51,900	0,102	-0,037	-3,747E-15	0,0024	-8,750E-4	-1,030E-16	99,549	4,86	
51,950	0,099	-0,037	0,052	0,0024	-8,750E-4	0,001	99,514	4,86	
52,000	0,099	-0,031	0,052	0,0024	-7,500E-4	0,001	99,532	4,86	54,4
52,050	0,096	-0,026	0,017	0,0023	-6,250E-4	4,167E-4	99,536	4,86	
52,100	0,096	-0,031	-0,017	0,0023	-7,500E-4	-4,167E-4	99,554	4,85	
52,150	0,094	-0,031	-3,088E-15	0,0022	-7,500E-4	-1,171E-16	99,556	4,86	
52,200	0,091	-0,031	0,035	0,0022	-7,500E-4	8,333E-4	99,545	4,86	
52,250	0,091	-0,026	0,017	0,0022	-6,250E-4	4,167E-4	99,510	4,86	
52,300	0,090	-0,026	-0,017	0,0021	-6,250E-4	-4,167E-4	99,543	4,86	
52,350	0,088	-0,031	-0,017	0,0021	-7,500E-4	-4,167E-4	99,516	4,86	
52,400	0,086	-0,031	0,035	0,0021	-7,500E-4	8,333E-4	99,527	4,86	
52,450	0,085	-0,026	0,070	0,0020	-6,250E-4	0,002	99,547	4,86	
52,500	0,083	-0,021	0,035	0,0020	-5,000E-4	8,333E-4	99,540	4,86	54,4
52,550	0,083	-0,021	-0,035	0,0020	-5,000E-4	-8,333E-4	99,543	4,86	
52,600	0,082	-0,026	-0,052	0,0019	-6,250E-4	-0,001	99,536	4,86	
52,650	0,080	-0,031	-2,498E-15	0,0019	-7,500E-4	-5,204E-17	99,554	4,86	
52,700	0,079	-0,026	0,052	0,0019	-6,250E-4	0,001	99,538	4,85	
52,750	0,077	-0,021	0,035	0,0018	-5,000E-4	8,333E-4	99,523	4,86	
52,800	0,077	-0,021	-0,017	0,0018	-5,000E-4	-4,167E-4	99,549	4,85	
52,850	0,075	-0,026	-0,017	0,0018	-6,250E-4	-4,167E-4	99,492	4,85	
52,900	0,074	-0,026	0,017	0,0018	-6,250E-4	4,167E-4	99,499	4,86	
52,950	0,072	-0,021	0,035	0,0017	-5,000E-4	8,333E-4	99,508	4,86	
53,000	0,072	-0,021	0,017	0,0017	-5,000E-4	4,167E-4	99,562	4,86	54,4
53,050	0,071	-0,021	0,000	0,0017	-5,000E-4	-1,409E-17	99,523	4,86	
53,100	0,069	-0,021	-0,017	0,0016	-5,000E-4	-4,167E-4	99,514	4,86	
53,150	0,069	-0,021	-0,035	0,0016	-5,000E-4	-8,333E-4	99,497	4,86	
53,200	0,068	-0,026	-0,017	0,0016	-6,250E-4	-4,167E-4	99,556	4,85	
53,250	0,066	-0,026	0,035	0,0016	-6,250E-4	8,333E-4	99,547	4,86	
53,300	0,064	-0,021	0,070	0,0015	-5,000E-4	0,002	99,514	4,85	
53,350	0,064	-0,016	0,035	0,0015	-3,750E-4	8,333E-4	99,551	4,85	
53,400	0,063	-0,016	-0,035	0,0015	-3,750E-4	-8,333E-4	99,516	4,86	
53,450	0,063	-0,021	-0,070	0,0015	-5,000E-4	-0,002	99,497	4,86	
53,500	0,061	-0,026	-0,035	0,0015	-6,250E-4	-8,333E-4	99,519	4,86	54,4
53,550	0,060	-0,026	0,035	0,0014	-6,250E-4	8,333E-4	99,512	4,86	
53,600	0,058	-0,021	0,070	0,0014	-5,000E-4	0,002	99,527	4,86	
53,650	0,058	-0,016	0,052	0,0014	-3,750E-4	0,001	99,538	4,86	
53,700	0,057	-0,016	0,017	0,0013	-3,750E-4	4,167E-4	99,532	4,85	
53,750	0,057	-0,016	-0,017	0,0013	-3,750E-4	-4,167E-4	99,540	4,86	
53,800	0,055	-0,016	-0,035	0,0013	-3,750E-4	-8,333E-4	99,538	4,86	
53,850	0,055	-0,021	-0,035	0,0013	-5,000E-4	-8,333E-4	99,547	4,85	
53,900	0,053	-0,021	-1,839E-15	0,0013	-5,000E-4	-5,150E-17	99,525	4,85	
53,950	0,052	-0,021	0,035	0,0012	-5,000E-4	8,333E-4	99,503	4,86	
54,000	0,052	-0,016	0,017	0,0012	-3,750E-4	4,167E-4	99,508	4,86	54,4
54,050	0,050	-0,016	-0,017	0,0012	-3,750E-4	-4,167E-4	99,488	4,86	
54,100	0,050	-0,021	-0,035	0,0012	-5,000E-4	-8,333E-4	99,503	4,86	
54,150	0,049	-0,021	-1,839E-15	0,0012	-5,000E-4	-2,927E-17	99,512	4,85	
54,200	0,047	-0,021	0,035	0,0011	-5,000E-4	8,333E-4	99,554	4,86	
54,250	0,047	-0,016	0,035	0,0011	-3,750E-4	8,333E-4	99,505	4,85	
54,300	0,046	-0,016	0,017	0,0011	-3,750E-4	4,167E-4	99,490	4,86	
54,350	0,046	-0,016	0,000	0,0011	-3,750E-4	7,047E-18	99,536	4,85	
54,400	0,044	-0,016	-1,874E-15	0,0010	-3,750E-4	-3,686E-17	99,519	4,86	
54,450	0,044	-0,016	0,000	0,0010	-3,750E-4	-7,047E-18	99,512	4,85	
54,500	0,042	-0,016	1,874E-15	0,0010	-3,750E-4	4,012E-17	99,536	4,85	54,4
54,550	0,042	-0,016	0,000	0,0010	-3,750E-4	1,409E-17	99,534	4,85	
54,600	0,041	-0,016	0,000	9,7500E-4	-3,750E-4	1,084E-17	99,536	4,86	
54,650	0,041	-0,016	-1,874E-15	9,7500E-4	-3,750E-4	-4,770E-17	99,516	4,85	
54,700	0,039	-0,016	0,000	9,3750E-4	-3,750E-4	-7,047E-18	99,525	4,85	
54,750	0,039	-0,016	1,874E-15	9,3750E-4	-3,750E-4	3,686E-17	99,558	4,86	
54,800	0,038	-0,016	0,000	9,0000E-4	-3,750E-4	0,000	99,519	4,85	
54,850	0,038	-0,016	0,000	9,0000E-4	-3,750E-4	8,132E-18	99,505	4,85	
54,900	0,036	-0,016	-1,874E-15	8,6250E-4	-3,750E-4	-4,066E-17	99,527	4,86	
54,950	0,036	-0,016	0,000	8,6250E-4	-3,750E-4	-4,337E-18	99,505	4,86	
55,000	0,035	-0,016	0,017	8,2500E-4	-3,750E-4	4,167E-4	99,530	4,85	54,3
55,050	0,035	-0,016	0,035	8,2500E-4	-3,750E-4	8,333E-4	99,564	4,86	
55,100	0,033	-0,010	0,035	7,8750E-4	-2,500E-4	8,333E-4	99,530	4,85	
55,150	0,033	-0,010	-1,839E-15	7,8750E-4	-2,500E-4	-4,445E-17	99,534	4,86	
55,200	0,033	-0,010	-0,035	7,8750E-4	-2,500E-4	-8,333E-4	99,525	4,86	
55,250	0,031	-0,016	-0,035	7,5000E-4	-3,750E-4	-8,333E-4	99,525	4,85	
55,300	0,031	-0,016	-0,017	7,5000E-4	-3,750E-4	-4,167E-4	99,525	4,85	
55,350	0,030	-0,016	0,000	7,1250E-4	-3,750E-4	4,337E-18	99,530	4,86	
55,400	0,030	-0,016	-1,874E-15	7,1250E-4	-3,750E-4	-4,825E-17	99,505	4,85	
55,450	0,028	-0,016	0,017	6,7500E-4	-3,750E-4	4,167E-4	99,477	4,86	
55,500	0,028	-0,016	0,035	6,7500E-4	-3,750E-4	8,333E-4	99,530	4,86	54,3
55,550	0,027	-0,010	0,035	6,3750E-4	-2,500E-4	8,333E-4	99,540	4,85	
55,600	0,027	-0,010	6,592E-16	6,3750E-4	-2,500E-4	1,518E-17	99,505	4,85	
55,650	0,027	-0,010	-0,035	6,3750E-4	-2,500E-4	-8,333E-4	99,534	4,85	
55,700	0,025	-0,016	-0,035	6,0000E-4	-3,750E-4	-8,333E-4	99,538	4,86	
55,750	0,025	-0,016	-0,017	6,0000E-4	-3,750E-4	-4,167E-4	99,514	4,86	
55,800	0,024	-0,016	0,017	5,6250E-4	-3,750E-4	4,167E-4	99,527	4,86	
55,850	0,024	-0,016	0,035	5,6250E-4	-3,750E-4	8,333E-4	99,486	4,85	
55,900	0,022	-0,010	0,035	5,2500E-4	-2,500E-4	8,333E-4	99,527	4,85	
55,950	0,022	-0,010	0,017	5,2500E-4	-2,500E-4	4,167E-4	99,490	4,86	
56,000	0,022	-0,010	1,249E-15	5,2500E-4	-2,500E-4	3,144E-17	99,521	4,86	54,3
56,050	0,020	-0,010	0,000	4,8750E-4	-2,500E-4	0,000	99,497	4,85	
56,100	0,020	-0,010	-3,469E-17	4,8750E-4	-2,500E-4	-3,795E-18	99,530	4,86	
56,150	0,020	-0,010	-1,214E-15	4,8750E-4	-2,500E-4	-2,982E-17	99,512	4,85	
56,200	0,019	-0,010	0,000	4,5000E-4	-2,500E-4	2,168E-18	99,512	4,86	
56,250	0,019	-0,010	-0,017	4,5000E-4	-2,500E-4	-4,167E-4	99,534	4,86	
56,300	0,019	-0,010	-0,035	4,5000E-4	-2,500E-4	-8,333E-4	99,497	4,85	
56,350	0,017	-0,016	-0,017	4,1250E-4	-3,750E-4	-4,167E-4	99,516	4,85	
56,400	0,017	-0,016	0,017	4,1250E-4	-3,750E-4	4,167E-4	99,503	4,86	
56,450	0,016	-0,010	0,035	3,7500E-4	-2,500E-4	8,333E-4	99,525	4,85	
56,500	0,016	-0,010	0,017	3,7500E-4	-2,500E-4	4,167E-4	99,503	4,86	54,3
56,550	0,016	-0,010	-8,674E-17	3,7500E-4	-2,500E-4	0,000	99,532	4,86	
56,600	0,014	-0,010	-5,204E-17	3,3750E-4	-2,500E-4	0,000	99,505	4,86	
56,650	0,014	-0,010	-1,318E-15	3,3750E-4	-2,500E-4	-2,982E-17	99,497	4,86	
56,700	0,014	-0,010	-1,388E-16	3,3750E-4	-2,500E-4	0,000	99,495	4,85	
56,750	0,013	-0,010	1,197E-15	3,0000E-4	-2,500E-4	2,982E-17	99,536	4,85	
56,800	0,013	-0,010	1,388E-16	3,0000E-4	-2,500E-4	0,000	99,551	4,86	
56,850	0,013	-0,010	1,735E-16	3,0000E-4	-2,500E-4	0,000	99,530	4,85	
56,900	0,011	-0,010	-1,249E-15	2,6250E-4	-2,500E-4	-2,873E-17	99,501	4,86	
56,950	0,011	-0,010	-5,204E-17	2,6250E-4	-2,500E-4	5,421E-19	99,545	4,85	
57,000	0,011	-0,010	0,017	2,6250E-4	-2,500E-4	4,167E-4	99,508	4,86	54,3
57,050	0,009	-0,010	0,035	2,2500E-4	-2,500E-4	8,333E-4	99,525	4,85	
57,100	0,009	-0,005	0,017	2,2500E-4	-1,250E-4	4,167E-4	99,527	4,85	
57,150	0,009	-0,005	-0,017	2,2500E-4	-1,250E-4	-4,167E-4	99,567	4,86	
57,200	0,009	-0,010	-0,035	2,2500E-4	-2,500E-4	-8,333E-4	99,540	4,86	
57,250	0,008	-0,010	-0,017	1,8750E-4	-2,500E-4	-4,167E-4	99,512	4,86	
57,300	0,008	-0,010	6,939E-17	1,8750E-4	-2,500E-4	5,421E-19	99,508	4,86	
57,350	0,008	-0,010	0,017	1,8750E-4	-2,500E-4	4,167E-4	99,525	4,86	
57,400	0,006	-0,010	0,035	1,5000E-4	-2,500E-4	8,333E-4	99,549	4,86	
57,450	0,006	-0,005	0,017	1,5000E-4	-1,250E-4	4,167E-4	99,503	4,85	
57,500	0,006	-0,005	-0,017	1,5000E-4	-1,250E-4	-4,167E-4	99,519	4,86	54,3
57,550	0,006	-0,010	-0,017	1,5000E-4	-2,500E-4	-4,167E-4	99,523	4,86	
57,600	0,005	-0,010	0,017	1,1250E-4	-2,500E-4	4,167E-4	99,514	4,86	
57,650	0,005	-0,005	0,017	1,1250E-4	-1,250E-4	4,167E-4	99,536	4,85	
57,700	0,005	-0,005	-0,017	1,1250E-4	-1,250E-4	-4,167E-4	99,523	4,85	
57,750	0,005	-0,010	-0,035	1,1250E-4	-2,500E-4	-8,333E-4	99,527	4,86	
57,800	0,003	-0,010	-0,017	7,5000E-5	-2,500E-4	-4,167E-4	99,525	4,85	
57,850	0,003	-0,010	0,000	7,5000E-5	-2,500E-4	-5,421E-19	99,525	4,85	
57,900	0,003	-0,010	0,017	7,5000E-5	-2,500E-4	4,167E-4	99,501	4,86	
57,950	0,002	-0,010	0,035	3,7500E-5	-2,500E-4	8,333E-4	99,519	4,86	
58,000	0,002	-0,005	0,017	3,7500E-5	-1,250E-4	4,167E-4	99,477	4,85	54,3
58,050	0,002	-0,005	-0,017	3,7500E-5	-1,250E-4	-4,167E-4	99,523	4,85	
58,100	0,002	-0,010	-0,035	3,7500E-5	-2,500E-4	-8,333E-4	99,495	4,86	
58,150	2,981E-15	-0,010	-0,017	-9,8676E-17	-2,500E-4	-4,167E-4	99,545	4,86	
58,200	2,981E-15	-0,010	0,000	-9,8676E-17	-2,500E-4	0,000	99,527	4,85	
58,250	2,981E-15	-0,010	0,017	-9,8676E-17	-2,500E-4	4,167E-4	99,490	4,86	
58,300	-0,002	-0,010	0,052	-3,7500E-5	-2,500E-4	0,001	99,503	4,86	
58,350	-0,002	-0,005	0,052	-3,7500E-5	-1,250E-4	0,001	99,543	4,86	
58,400	-0,002	0,000	-1,249E-15	-3,7500E-5	0,000	-3,009E-17	99,554	4,86	
58,450	-0,002	-0,005	-0,052	-3,7500E-5	-1,250E-4	-0,001	99,486	4,86	
58,500	-0,002	-0,010	-0,052	-3,7500E-5	-2,500E-4	-0,001	99,512	4,86	54,3
58,550	-0,003	-0,010	-0,017	-7,5000E-5	-2,500E-4	-4,167E-4	99,495	4,85	
58,600	-0,003	-0,010	0,000	-7,5000E-5	-2,500E-4	0,000	99,549	4,86	
58,650	-0,003	-0,010	0,017	-7,5000E-5	-2,500E-4	4,167E-4	99,527	4,86	
58,700	-0,005	-0,010	0,052	-1,1250E-4	-2,500E-4	0,001	99,532	4,86	
58,750	-0,005	-0,005	0,052	-1,1250E-4	-1,250E-4	0,001	99,534	4,86	
58,800	-0,005	0,000	-6,245E-16	-1,1250E-4	0,000	-1,464E-17	99,510	4,86	
58,850	-0,005	-0,005	-0,052	-1,1250E-4	-1,250E-4	-0,001	99,525	4,86	
58,900	-0,005	-0,010	-0,035	-1,1250E-4	-2,500E-4	-8,333E-4	99,508	4,86	
58,950	-0,006	-0,010	0,017	-1,5000E-4	-2,500E-4	4,167E-4	99,532	4,85	
59,000	-0,006	-0,005	0,017	-1,5000E-4	-1,250E-4	4,167E-4	99,534	4,86	54,3
59,050	-0,006	-0,005	-0,017	-1,5000E-4	-1,250E-4	-4,167E-4	99,521	4,86	
59,100	-0,006	-0,010	-0,017	-1,5000E-4	-2,500E-4	-4,167E-4	99,525	4,86	
59,150	-0,008	-0,010	0,035	-1,8750E-4	-2,500E-4	8,333E-4	99,516	4,85	
59,200	-0,008	-0,005	0,052	-1,8750E-4	-1,250E-4	0,001	99,503	4,86	
59,250	-0,008	0,000	1,188E-15	-1,8750E-4	0,000	2,792E-17	99,503	4,86	
59,300	-0,008	-0,005	-0,052	-1,8750E-4	-1,250E-4	-0,001	99,503	4,86	
59,350	-0,008	-0,010	-0,035	-1,8750E-4	-2,500E-4	-8,333E-4	99,536	4,87	
59,400	-0,009	-0,010	0,035	-2,2500E-4	-2,500E-4	8,333E-4	99,530	4,87	
59,450	-0,009	-0,005	0,052	-2,2500E-4	-1,250E-4	0,001	99,527	4,86	
59,500	-0,009	0,000	1,180E-15	-2,2500E-4	0,000	2,873E-17	99,521	4,86	54,3
59,550	-0,009	-0,005	-0,052	-2,2500E-4	-1,250E-4	-0,001	99,551	4,86	
59,600	-0,009	-0,010	-0,035	-2,2500E-4	-2,500E-4	-8,333E-4	99,547	4,86	
59,650	-0,011	-0,010	0,035	-2,6250E-4	-2,500E-4	8,333E-4	99,530	4,86	
59,700	-0,011	-0,005	0,052	-2,6250E-4	-1,250E-4	0,001	99,510	4,86	
59,750	-0,011	0,000	1,232E-15	-2,6250E-4	0,000	2,982E-17	99,512	4,85	
59,800	-0,011	-0,005	-0,052	-2,6250E-4	-1,250E-4	-0,001	99,501	4,85	
59,850	-0,011	-0,010	-0,035	-2,6250E-4	-2,500E-4	-8,333E-4	99,521	4,85	
59,900	-0,013	-0,010	0,035	-3,0000E-4	-2,500E-4	8,333E-4	99,527	4,87	
59,950	-0,013	-0,005	0,052	-3,0000E-4	-1,250E-4	0,001	99,516	4,86	
60,000	-0,013	0,000	1,353E-15	-3,0000E-4	0,000	2,602E-17	99,484	4,86	54,3
60,050	-0,013	-0,005	-0,052	-3,0000E-4	-1,250E-4	-0,001	99,505	4,86	
60,100	-0,013	-0,010	-0,035	-3,0000E-4	-2,500E-4	-8,333E-4	99,519	4,86	
60,150	-0,014	-0,010	0,035	-3,3750E-4	-2,500E-4	8,333E-4	99,497	4,85	
60,200	-0,014	-0,005	0,052	-3,3750E-4	-1,250E-4	0,001	99,512	4,86	
60,250	-0,014	0,000	1,466E-15	-3,3750E-4	0,000	2,602E-17	99,519	4,86	
60,300	-0,014	-0,005	-0,052	-3,3750E-4	-1,250E-4	-0,001	99,521	4,86	
60,350	-0,014	-0,010	-0,035	-3,3750E-4	-2,500E-4	-8,333E-4	99,523	4,86	
60,400	-0,016	-0,010	0,035	-3,7500E-4	-2,500E-4	8,333E-4	99,532	4,85	
60,450	-0,016	-0,005	0,070	-3,7500E-4	-1,250E-4	0,002	99,527	4,86	
60,500	-0,016	0,000	0,035	-3,7500E-4	0,000	8,333E-4	99,492	4,86	54,3
60,550	-0,016	0,000	-0,035	-3,7500E-4	0,000	-8,333E-4	99,492	4,86	
60,600	-0,016	-0,005	-0,070	-3,7500E-4	-1,250E-4	-0,002	99,525	4,85	
60,650	-0,016	-0,010	-0,035	-3,7500E-4	-2,500E-4	-8,333E-4	99,549	4,86	
60,700	-0,017	-0,010	0,035	-4,1250E-4	-2,500E-4	8,333E-4	99,540	4,86	
60,750	-0,017	-0,005	0,052	-4,1250E-4	-1,250E-4	0,001	99,508	4,86	
60,800	-0,017	0,000	-6,245E-16	-4,1250E-4	0,000	-1,843E-17	99,499	4,86	
60,850	-0,017	-0,005	-0,052	-4,1250E-4	-1,250E-4	-0,001	99,490	4,86	
60,900	-0,017	-0,010	-0,035	-4,1250E-4	-2,500E-4	-8,333E-4	99,523	4,85	
60,950	-0,019	-0,010	0,035	-4,5000E-4	-2,500E-4	8,333E-4	99,512	4,86	
61,000	-0,019	-0,005	0,070	-4,5000E-4	-1,250E-4	0,002	99,512	4,86	54,3
61,050	-0,019	0,000	0,052	-4,5000E-4	0,000	0,001	99,495	4,86	
61,100	-0,019	0,000	6,202E-16	-4,5000E-4	0,000	1,301E-17	99,497	4,86	
61,150	-0,019	0,000	-0,052	-4,5000E-4	0,000	-0,001	99,538	4,86	
61,200	-0,019	-0,005	-0,070	-4,5000E-4	-1,250E-4	-0,002	99,505	4,87	
61,250	-0,019	-0,010	-0,035	-4,5000E-4	-2,500E-4	-8,333E-4	99,536	4,87	
61,300	-0,020	-0,010	0,035	-4,8750E-4	-2,500E-4	8,333E-4	99,538	4,86	
61,350	-0,020	-0,005	0,070	-4,8750E-4	-1,250E-4	0,002	99,519	4,86	
61,400	-0,020	0,000	0,035	-4,8750E-4	0,000	8,333E-4	99,477	4,86	
61,450	-0,020	0,000	-0,035	-4,8750E-4	0,000	-8,333E-4	99,545	4,87	
61,500	-0,020	-0,005	-0,070	-4,8750E-4	-1,250E-4	-0,002	99,521	4,86	54,3
61,550	-0,020	-0,010	-0,035	-4,8750E-4	-2,500E-4	-8,333E-4	99,519	4,86	
61,600	-0,022	-0,010	0,035	-5,2500E-4	-2,500E-4	8,333E-4	99,532	4,87	
61,650	-0,022	-0,005	0,070	-5,2500E-4	-1,250E-4	0,002	99,536	4,87	
61,700	-0,022	0,000	0,035	-5,2500E-4	0,000	8,333E-4	99,530	4,86	
61,750	-0,022	0,000	-0,035	-5,2500E-4	0,000	-8,333E-4	99,523	4,86	
61,800	-0,022	-0,005	-0,070	-5,2500E-4	-1,250E-4	-0,002	99,490	4,86	
61,850	-0,022	-0,010	-0,035	-5,2500E-4	-2,500E-4	-8,333E-4	99,540	4,86	
61,900	-0,024	-0,010	0,035	-5,6250E-4	-2,500E-4	8,333E-4	99,495	4,86	
61,950	-0,024	-0,005	0,070	-5,6250E-4	-1,250E-4	0,002	99,505	4,86	
62,000	-0,024	0,000	0,035	-5,6250E-4	0,000	8,333E-4	99,525	4,86	54,3
62,050	-0,024	0,000	-0,035	-5,6250E-4	0,000	-8,333E-4	99,512	4,86	
62,100	-0,024	-0,005	-0,070	-5,6250E-4	-1,250E-4	-0,002	99,532	4,86	
62,150	-0,024	-0,010	-0,035	-5,6250E-4	-2,500E-4	-8,333E-4	99,536	4,87	
62,200	-0,025	-0,010	0,035	-6,0000E-4	-2,500E-4	8,333E-4	99,499	4,86	
62,250	-0,025	-0,005	0,070	-6,0000E-4	-1,250E-4	0,002	99,516	4,86	
62,300	-0,025	0,000	0,052	-6,0000E-4	0,000	0,001	99,534	4,87	
62,350	-0,025	0,000	6,202E-16	-6,0000E-4	0,000	1,125E-17	99,523	4,87	
62,400	-0,025	0,000	-0,052	-6,0000E-4	0,000	-0,001	99,521	4,86	
62,450	-0,025	-0,005	-0,070	-6,0000E-4	-1,250E-4	-0,002	99,519	4,87	
62,500	-0,025	-0,010	-0,035	-6,0000E-4	-2,500E-4	-8,333E-4	99,512	4,87	54,3
62,550	-0,027	-0,010	0,035	-6,3750E-4	-2,500E-4	8,333E-4	99,532	4,86	
62,600	-0,027	-0,005	0,070	-6,3750E-4	-1,250E-4	0,002	99,521	4,86	
62,650	-0,027	0,000	0,052	-6,3750E-4	0,000	0,001	99,488	4,86	
62,700	-0,027	0,000	0,000	-6,3750E-4	0,000	3,591E-18	99,516	4,86	
62,750	-0,027	0,000	-0,052	-6,3750E-4	0,000	-0,001	99,521	4,86	
62,800	-0,027	-0,005	-0,070	-6,3750E-4	-1,250E-4	-0,002	99,545	4,87	
62,850	-0,027	-0,010	-0,035	-6,3750E-4	-2,500E-4	-8,333E-4	99,523	4,86	
62,900	-0,028	-0,010	0,035	-6,7500E-4	-2,500E-4	8,333E-4	99,532	4,86	
62,950	-0,028	-0,005	0,070	-6,7500E-4	-1,250E-4	0,002	99,521	4,86	
63,000	-0,028	0,000	0,052	-6,7500E-4	0,000	0,001	99,510	4,87	54,3
63,050	-0,028	0,000	-6,202E-16	-6,7500E-4	0,000	-1,843E-17	99,521	4,86	
63,100	-0,028	0,000	-0,052	-6,7500E-4	0,000	-0,001	99,508	4,86	
63,150	-0,028	-0,005	-0,070	-6,7500E-4	-1,250E-4	-0,002	99,484	4,87	
63,200	-0,028	-0,010	-0,035	-6,7500E-4	-2,500E-4	-8,333E-4	99,545	4,87	
63,250	-0,030	-0,010	0,035	-7,1250E-4	-2,500E-4	8,333E-4	99,508	4,87	
63,300	-0,030	-0,005	0,070	-7,1250E-4	-1,250E-4	0,002	99,512	4,86	
63,350	-0,030	0,000	0,052	-7,1250E-4	0,000	0,001	99,525	4,87	
63,400	-0,030	0,000	0,017	-7,1250E-4	0,000	4,167E-4	99,527	4,86	
63,450	-0,030	0,000	-0,017	-7,1250E-4	0,000	-4,167E-4	99,536	4,87	
63,500	-0,030	0,000	-0,052	-7,1250E-4	0,000	-0,001	99,510	4,86	54,3
63,550	-0,030	-0,005	-0,070	-7,1250E-4	-1,250E-4	-0,002	99,503	4,86	
63,600	-0,030	-0,010	-0,035	-7,1250E-4	-2,500E-4	-8,333E-4	99,519	4,87	
63,650	-0,031	-0,010	0,035	-7,5000E-4	-2,500E-4	8,333E-4	99,486	4,87	
63,700	-0,031	-0,005	0,070	-7,5000E-4	-1,250E-4	0,002	99,523	4,87	
63,750	-0,031	0,000	0,052	-7,5000E-4	0,000	0,001	99,505	4,87	
63,800	-0,031	0,000	0,017	-7,5000E-4	0,000	4,167E-4	99,510	4,86	
63,850	-0,031	0,000	0,000	-7,5000E-4	0,000	0,000	99,523	4,87	
63,900	-0,031	0,000	-0,017	-7,5000E-4	0,000	-4,167E-4	99,486	4,87	
63,950	-0,031	0,000	-0,052	-7,5000E-4	0,000	-0,001	99,479	4,87	
64,000	-0,031	-0,005	-0,070	-7,5000E-4	-1,250E-4	-0,002	99,510	4,87	54,3
64,050	-0,031	-0,010	-0,035	-7,5000E-4	-2,500E-4	-8,333E-4	99,519	4,86	
64,100	-0,033	-0,010	0,035	-7,8750E-4	-2,500E-4	8,333E-4	99,545	4,86	
64,150	-0,033	-0,005	0,070	-7,8750E-4	-1,250E-4	0,002	99,495	4,86	
64,200	-0,033	0,000	0,052	-7,8750E-4	0,000	0,001	99,505	4,87	
64,250	-0,033	0,000	0,017	-7,8750E-4	0,000	4,167E-4	99,512	4,86	
64,300	-0,033	0,000	-0,017	-7,8750E-4	0,000	-4,167E-4	99,497	4,87	
64,350	-0,033	0,000	-0,052	-7,8750E-4	0,000	-0,001	99,508	4,87	
64,400	-0,033	-0,005	-0,070	-7,8750E-4	-1,250E-4	-0,002	99,481	4,86	
64,450	-0,033	-0,010	-0,035	-7,8750E-4	-2,500E-4	-8,333E-4	99,497	4,87	
64,500	-0,035	-0,010	0,035	-8,2500E-4	-2,500E-4	8,333E-4	99,523	4,86	54,3
64,550	-0,035	-0,005	0,070	-8,2500E-4	-1,250E-4	0,002	99,501	4,86	
64,600	-0,035	0,000	0,052	-8,2500E-4	0,000	0,001	99,488	4,86	
64,650	-0,035	0,000	0,017	-8,2500E-4	0,000	4,167E-4	99,556	4,86	
64,700	-0,035	0,000	0,000	-8,2500E-4	0,000	0,000	99,523	4,87	
64,750	-0,035	0,000	-0,017	-8,2500E-4	0,000	-4,167E-4	99,497	4,87	
64,800	-0,035	0,000	-0,052	-8,2500E-4	0,000	-0,001	99,508	4,87	
64,850	-0,035	-0,005	-0,070	-8,2500E-4	-1,250E-4	-0,002	99,549	4,87	
64,900	-0,035	-0,010	-0,035	-8,2500E-4	-2,500E-4	-8,333E-4	99,503	4,87	
64,950	-0,036	-0,010	0,035	-8,6250E-4	-2,500E-4	8,333E-4	99,495	4,86	
65,000	-0,036	-0,005	0,070	-8,6250E-4	-1,250E-4	0,002	99,545	4,87	54,3
65,050	-0,036	0,000	0,052	-8,6250E-4	0,000	0,001	99,530	4,87	
65,100	-0,036	0,000	0,017	-8,6250E-4	0,000	4,167E-4	99,516	4,87	
65,150	-0,036	0,000	0,000	-8,6250E-4	0,000	0,000	99,536	4,87	
65,200	-0,036	0,000	-0,017	-8,6250E-4	0,000	-4,167E-4	99,523	4,87	
65,250	-0,036	0,000	-0,052	-8,6250E-4	0,000	-0,001	99,473	4,87	
65,300	-0,036	-0,005	-0,070	-8,6250E-4	-1,250E-4	-0,002	99,536	4,87	
65,350	-0,036	-0,010	-0,035	-8,6250E-4	-2,500E-4	-8,333E-4	99,505	4,86	
65,400	-0,038	-0,010	0,035	-9,0000E-4	-2,500E-4	8,333E-4	99,536	4,87	
65,450	-0,038	-0,005	0,070	-9,0000E-4	-1,250E-4	0,002	99,486	4,87	
65,500	-0,038	0,000	0,052	-9,0000E-4	0,000	0,001	99,516	4,87	54,3
65,550	-0,038	0,000	0,017	-9,0000E-4	0,000	4,167E-4	99,530	4,87	
65,600	-0,038	0,000	0,000	-9,0000E-4	0,000	0,000	99,532	4,86	
65,650	-0,038	0,000	-0,017	-9,0000E-4	0,000	-4,167E-4	99,540	4,87	
65,700	-0,038	0,000	-0,052	-9,0000E-4	0,000	-0,001	99,521	4,87	
65,750	-0,038	-0,005	-0,070	-9,0000E-4	-1,250E-4	-0,002	99,512	4,87	
65,800	-0,038	-0,010	-0,035	-9,0000E-4	-2,500E-4	-8,333E-4	99,508	4,87	
65,850	-0,039	-0,010	0,035	-9,3750E-4	-2,500E-4	8,333E-4	99,514	4,87	
65,900	-0,039	-0,005	0,070	-9,3750E-4	-1,250E-4	0,002	99,512	4,87	
65,950	-0,039	0,000	0,052	-9,3750E-4	0,000	0,001	99,499	4,87	
66,000	-0,039	0,000	0,017	-9,3750E-4	0,000	4,167E-4	99,512	4,87	54,3
66,050	-0,039	0,000	0,000	-9,3750E-4	0,000	0,000	99,514	4,87	
66,100	-0,039	0,000	-0,017	-9,3750E-4	0,000	-4,167E-4	99,516	4,87	
66,150	-0,039	0,000	-0,052	-9,3750E-4	0,000	-0,001	99,508	4,87	
66,200	-0,039	-0,005	-0,070	-9,3750E-4	-1,250E-4	-0,002	99,499	4,86	
66,250	-0,039	-0,010	-0,035	-9,3750E-4	-2,500E-4	-8,333E-4	99,492	4,87	
66,300	-0,041	-0,010	0,035	-9,7500E-4	-2,500E-4	8,333E-4	99,523	4,87	
66,350	-0,041	-0,005	0,070	-9,7500E-4	-1,250E-4	0,002	99,503	4,86	
66,400	-0,041	0,000	0,052	-9,7500E-4	0,000	0,001	99,503	4,87	
66,450	-0,041	0,000	0,017	-9,7500E-4	0,000	4,167E-4	99,536	4,87	
66,500	-0,041	0,000	0,000	-9,7500E-4	0,000	0,000	99,519	4,87	54,3
66,550	-0,041	0,000	0,000	-9,7500E-4	0,000	0,000	99,475	4,87	
66,600	-0,041	0,000	-0,017	-9,7500E-4	0,000	-4,167E-4	99,545	4,87	
66,650	-0,041	0,000	-0,052	-9,7500E-4	0,000	-0,001	99,514	4,87	
66,700	-0,041	-0,005	-0,070	-9,7500E-4	-1,250E-4	-0,002	99,532	4,87	
66,750	-0,041	-0,010	-0,035	-9,7500E-4	-2,500E-4	-8,333E-4	99,514	4,86	
66,800	-0,042	-0,010	0,035	-0,0010	-2,500E-4	8,333E-4	99,514	4,87	
66,850	-0,042	-0,005	0,070	-0,0010	-1,250E-4	0,002	99,484	4,87	
66,900	-0,042	0,000	0,052	-0,0010	0,000	0,001	99,530	4,87	
66,950	-0,042	0,000	0,017	-0,0010	0,000	4,167E-4	99,534	4,86	
67,000	-0,042	0,000	0,000	-0,0010	0,000	0,000	99,477	4,87	54,3
67,050	-0,042	0,000	0,000	-0,0010	0,000	0,000	99,547	4,87	
67,100	-0,042	0,000	-0,017	-0,0010	0,000	-4,167E-4	99,514	4,86	
67,150	-0,042	0,000	-0,052	-0,0010	0,000	-0,001	99,488	4,88	
67,200	-0,042	-0,005	-0,070	-0,0010	-1,250E-4	-0,002	99,538	4,87	
67,250	-0,042	-0,010	-0,035	-0,0010	-2,500E-4	-8,333E-4	99,508	4,87	
67,300	-0,044	-0,010	0,035	-0,0011	-2,500E-4	8,333E-4	99,521	4,87	
67,350	-0,044	-0,005	0,070	-0,0011	-1,250E-4	0,002	99,508	4,87	
67,400	-0,044	0,000	0,052	-0,0011	0,000	0,001	99,514	4,87	
67,450	-0,044	0,000	0,017	-0,0011	0,000	4,167E-4	99,521	4,87	
67,500	-0,044	0,000	0,000	-0,0011	0,000	0,000	99,503	4,88	54,3
67,550	-0,044	0,000	0,000	-0,0011	0,000	0,000	99,481	4,87	
67,600	-0,044	0,000	-0,017	-0,0011	0,000	-4,167E-4	99,501	4,87	
67,650	-0,044	0,000	-0,052	-0,0011	0,000	-0,001	99,499	4,87	
67,700	-0,044	-0,005	-0,070	-0,0011	-1,250E-4	-0,002	99,510	4,87	
67,750	-0,044	-0,010	-0,035	-0,0011	-2,500E-4	-8,333E-4	99,501	4,88	
67,800	-0,046	-0,010	0,035	-0,0011	-2,500E-4	8,333E-4	99,527	4,88	
67,850	-0,046	-0,005	0,070	-0,0011	-1,250E-4	0,002	99,503	4,87	
67,900	-0,046	0,000	0,052	-0,0011	0,000	0,001	99,510	4,87	
67,950	-0,046	0,000	0,017	-0,0011	0,000	4,167E-4	99,488	4,87	
68,000	-0,046	0,000	0,000	-0,0011	0,000	0,000	99,501	4,88	54,3
68,050	-0,046	0,000	0,000	-0,0011	0,000	0,000	99,481	4,87	
68,100	-0,046	0,000	-0,017	-0,0011	0,000	-4,167E-4	99,516	4,87	
68,150	-0,046	0,000	-0,052	-0,0011	0,000	-0,001	99,523	4,87	
68,200	-0,046	-0,005	-0,070	-0,0011	-1,250E-4	-0,002	99,521	4,87	
68,250	-0,046	-0,010	-0,035	-0,0011	-2,500E-4	-8,333E-4	99,501	4,87	
68,300	-0,047	-0,010	0,035	-0,0011	-2,500E-4	8,333E-4	99,532	4,88	
68,350	-0,047	-0,005	0,070	-0,0011	-1,250E-4	0,002	99,540	4,88	
68,400	-0,047	0,000	0,052	-0,0011	0,000	0,001	99,479	4,87	
68,450	-0,047	0,000	0,017	-0,0011	0,000	4,167E-4	99,508	4,87	
68,500	-0,047	0,000	0,000	-0,0011	0,000	0,000	99,512	4,87	54,3
68,550	-0,047	0,000	0,000	-0,0011	0,000	0,000	99,521	4,87	
68,600	-0,047	0,000	0,000	-0,0011	0,000	0,000	99,503	4,87	
68,650	-0,047	0,000	-0,017	-0,0011	0,000	-4,167E-4	99,510	4,88	
68,700	-0,047	0,000	-0,052	-0,0011	0,000	-0,001	99,519	4,88	
68,750	-0,047	-0,005	-0,070	-0,0011	-1,250E-4	-0,002	99,516	4,88	
68,800	-0,047	-0,010	-0,035	-0,0011	-2,500E-4	-8,333E-4	99,501	4,88	
68,850	-0,049	-0,010	0,035	-0,0012	-2,500E-4	8,333E-4	99,523	4,87	
68,900	-0,049	-0,005	0,070	-0,0012	-1,250E-4	0,002	99,512	4,87	
68,950	-0,049	0,000	0,052	-0,0012	0,000	0,001	99,492	4,88	
69,000	-0,049	0,000	0,017	-0,0012	0,000	4,167E-4	99,492	4,88	54,3
69,050	-0,049	0,000	0,000	-0,0012	0,000	0,000	99,471	4,87	
69,100	-0,049	0,000	0,000	-0,0012	0,000	0,000	99,481	4,88	
69,150	-0,049	0,000	0,000	-0,0012	0,000	0,000	99,508	4,88	
69,200	-0,049	0,000	0,000	-0,0012	0,000	0,000	99,521	4,88	
69,250	-0,049	0,000	-0,017	-0,0012	0,000	-4,167E-4	99,490	4,88	
69,300	-0,049	0,000	-0,052	-0,0012	0,000	-0,001	99,532	4,87	
69,350	-0,049	-0,005	-0,070	-0,0012	-1,250E-4	-0,002	99,510	4,88	
69,400	-0,049	-0,010	-0,035	-0,0012	-2,500E-4	-8,333E-4	99,501	4,87	
69,450	-0,050	-0,010	0,035	-0,0012	-2,500E-4	8,333E-4	99,519	4,87	
69,500	-0,050	-0,005	0,070	-0,0012	-1,250E-4	0,002	99,508	4,87	54,3
69,550	-0,050	0,000	0,052	-0,0012	0,000	0,001	99,508	4,88	
69,600	-0,050	0,000	0,017	-0,0012	0,000	4,167E-4	99,495	4,88	
69,650	-0,050	0,000	0,000	-0,0012	0,000	0,000	99,484	4,88	
69,700	-0,050	0,000	0,000	-0,0012	0,000	0,000	99,499	4,87	
69,750	-0,050	0,000	-0,017	-0,0012	0,000	-4,167E-4	99,481	4,88	
69,800	-0,050	0,000	-0,052	-0,0012	0,000	-0,001	99,490	4,88	
69,850	-0,050	-0,005	-0,070	-0,0012	-1,250E-4	-0,002	99,481	4,88	
69,900	-0,050	-0,010	-0,035	-0,0012	-2,500E-4	-8,333E-4	99,505	4,88	
69,950	-0,052	-0,010	0,035	-0,0012	-2,500E-4	8,333E-4	99,508	4,88	
70,000	-0,052	-0,005	0,070	-0,0012	-1,250E-4	0,002	99,516	4,87	54,3
70,050	-0,052	0,000	0,052	-0,0012	0,000	0,001	99,484	4,88	
70,100	-0,052	0,000	0,017	-0,0012	0,000	4,167E-4	99,466	4,88	
70,150	-0,052	0,000	0,000	-0,0012	0,000	0,000	99,510	4,88	
70,200	-0,052	0,000	0,000	-0,0012	0,000	0,000	99,503	4,88	
70,250	-0,052	0,000	0,000	-0,0012	0,000	0,000	99,503	4,88	
70,300	-0,052	0,000	0,000	-0,0012	0,000	0,000	99,499	4,87	
70,350	-0,052	0,000	0,000	-0,0012	0,000	0,000	99,523	4,88	
70,400	-0,052	0,000	-0,017	-0,0012	0,000	-4,167E-4	99,497	4,88	
70,450	-0,052	0,000	-0,052	-0,0012	0,000	-0,001	99,505	4,88	
70,500	-0,052	-0,005	-0,070	-0,0012	-1,250E-4	-0,002	99,477	4,88	54,3
70,550	-0,052	-0,010	-0,035	-0,0012	-2,500E-4	-8,333E-4	99,475	4,87	
70,600	-0,053	-0,010	0,035	-0,0013	-2,500E-4	8,333E-4	99,516	4,88	
70,650	-0,053	-0,005	0,070	-0,0013	-1,250E-4	0,002	99,501	4,88	
70,700	-0,053	0,000	0,052	-0,0013	0,000	0,001	99,519	4,87	
70,750	-0,053	0,000	0,017	-0,0013	0,000	4,167E-4	99,508	4,88	
70,800	-0,053	0,000	0,000	-0,0013	0,000	0,000	99,514	4,88	
70,850	-0,053	0,000	0,000	-0,0013	0,000	0,000	99,462	4,88	
70,900	-0,053	0,000	0,000	-0,0013	0,000	0,000	99,492	4,88	
70,950	-0,053	0,000	0,000	-0,0013	0,000	0,000	99,525	4,89	
71,000	-0,053	0,000	0,000	-0,0013	0,000	0,000	99,512	4,88	54,3
71,050	-0,053	0,000	0,000	-0,0013	0,000	0,000	99,527	4,87	
71,100	-0,053	0,000	0,000	-0,0013	0,000	0,000	99,505	4,87	
71,150	-0,053	0,000	-0,017	-0,0013	0,000	-4,167E-4	99,464	4,88	
71,200	-0,053	0,000	-0,052	-0,0013	0,000	-0,001	99,484	4,88	
71,250	-0,053	-0,005	-0,070	-0,0013	-1,250E-4	-0,002	99,495	4,88	
71,300	-0,053	-0,010	-0,035	-0,0013	-2,500E-4	-8,333E-4	99,473	4,88	
71,350	-0,055	-0,010	0,035	-0,0013	-2,500E-4	8,333E-4	99,492	4,88	
71,400	-0,055	-0,005	0,070	-0,0013	-1,250E-4	0,002	99,516	4,88	
71,450	-0,055	0,000	0,052	-0,0013	0,000	0,001	99,523	4,88	
71,500	-0,055	0,000	0,017	-0,0013	0,000	4,167E-4	99,486	4,88	54,3
71,550	-0,055	0,000	0,000	-0,0013	0,000	0,000	99,486	4,88	
71,600	-0,055	0,000	0,000	-0,0013	0,000	0,000	99,514	4,88	
71,650	-0,055	0,000	0,000	-0,0013	0,000	0,000	99,495	4,88	
71,700	-0,055	0,000	0,000	-0,0013	0,000	0,000	99,503	4,88	
71,750	-0,055	0,000	0,000	-0,0013	0,000	0,000	99,521	4,88	
71,800	-0,055	0,000	0,000	-0,0013	0,000	0,000	99,475	4,87	
71,850	-0,055	0,000	-0,017	-0,0013	0,000	-4,167E-4	99,499	4,88	
71,900	-0,055	0,000	-0,052	-0,0013	0,000	-0,001	99,514	4,88	
71,950	-0,055	-0,005	-0,070	-0,0013	-1,250E-4	-0,002	99,543	4,88	
72,000	-0,055	-0,010	-0,035	-0,0013	-2,500E-4	-8,333E-4	99,499	4,89	54,3
72,050	-0,057	-0,010	0,035	-0,0014	-2,500E-4	8,333E-4	99,536	4,88	
72,100	-0,057	-0,005	0,070	-0,0014	-1,250E-4	0,002	99,508	4,88	
72,150	-0,057	0,000	0,052	-0,0014	0,000	0,001	99,519	4,88	
72,200	-0,057	0,000	0,017	-0,0014	0,000	4,167E-4	99,501	4,88	
72,250	-0,057	0,000	0,000	-0,0014	0,000	0,000	99,514	4,89	
72,300	-0,057	0,000	0,000	-0,0014	0,000	0,000	99,499	4,89	
72,350	-0,057	0,000	0,000	-0,0014	0,000	0,000	99,523	4,89	
72,400	-0,057	0,000	0,000	-0,0014	0,000	0,000	99,516	4,89	
72,450	-0,057	0,000	0,000	-0,0014	0,000	0,000	99,503	4,89	
72,500	-0,057	0,000	0,000	-0,0014	0,000	0,000	99,475	4,88	54,3
72,550	-0,057	0,000	0,000	-0,0014	0,000	0,000	99,488	4,88	
72,600	-0,057	0,000	0,000	-0,0014	0,000	0,000	99,505	4,88	
72,650	-0,057	0,000	0,000	-0,0014	0,000	0,000	99,495	4,88	
72,700	-0,057	0,000	-0,017	-0,0014	0,000	-4,167E-4	99,481	4,89	
72,750	-0,057	0,000	-0,052	-0,0014	0,000	-0,001	99,510	4,88	
72,800	-0,057	-0,005	-0,070	-0,0014	-1,250E-4	-0,002	99,505	4,88	
72,850	-0,057	-0,010	-0,035	-0,0014	-2,500E-4	-8,333E-4	99,501	4,88	
72,900	-0,058	-0,010	0,035	-0,0014	-2,500E-4	8,333E-4	99,499	4,89	
72,950	-0,058	-0,005	0,070	-0,0014	-1,250E-4	0,002	99,512	4,88	
73,000	-0,058	0,000	0,052	-0,0014	0,000	0,001	99,492	4,89	54,3
73,050	-0,058	0,000	0,017	-0,0014	0,000	4,167E-4	99,495	4,88	
73,100	-0,058	0,000	0,000	-0,0014	0,000	0,000	99,516	4,88	
73,150	-0,058	0,000	0,000	-0,0014	0,000	0,000	99,527	4,88	
73,200	-0,058	0,000	0,000	-0,0014	0,000	0,000	99,499	4,88	
73,250	-0,058	0,000	0,000	-0,0014	0,000	0,000	99,503	4,89	
73,300	-0,058	0,000	0,000	-0,0014	0,000	0,000	99,510	4,88	
73,350	-0,058	0,000	-0,017	-0,0014	0,000	-4,167E-4	99,525	4,89	
73,400	-0,058	0,000	-0,052	-0,0014	0,000	-0,001	99,514	4,89	
73,450	-0,058	-0,005	-0,070	-0,0014	-1,250E-4	-0,002	99,536	4,89	
73,500	-0,058	-0,010	-0,035	-0,0014	-2,500E-4	-8,333E-4	99,510	4,89	54,3
73,550	-0,060	-0,010	0,035	-0,0014	-2,500E-4	8,333E-4	99,501	4,88	
73,600	-0,060	-0,005	0,070	-0,0014	-1,250E-4	0,002	99,527	4,88	
73,650	-0,060	0,000	0,052	-0,0014	0,000	0,001	99,473	4,88	
73,700	-0,060	0,000	0,017	-0,0014	0,000	4,167E-4	99,497	4,89	
73,750	-0,060	0,000	0,000	-0,0014	0,000	0,000	99,508	4,88	
73,800	-0,060	0,000	0,000	-0,0014	0,000	0,000	99,481	4,88	
73,850	-0,060	0,000	0,000	-0,0014	0,000	0,000	99,530	4,88	
73,900	-0,060	0,000	0,000	-0,0014	0,000	0,000	99,508	4,89	
73,950	-0,060	0,000	0,000	-0,0014	0,000	0,000	99,516	4,88	
74,000	-0,060	0,000	0,000	-0,0014	0,000	0,000	99,525	4,89	54,3
74,050	-0,060	0,000	0,000	-0,0014	0,000	0,000	99,512	4,89	
74,100	-0,060	0,000	0,000	-0,0014	0,000	0,000	99,505	4,89	
74,150	-0,060	0,000	-0,017	-0,0014	0,000	-4,167E-4	99,521	4,88	
74,200	-0,060	0,000	-0,052	-0,0014	0,000	-0,001	99,519	4,88	
74,250	-0,060	-0,005	-0,070	-0,0014	-1,250E-4	-0,002	99,492	4,89	
74,300	-0,060	-0,010	-0,035	-0,0014	-2,500E-4	-8,333E-4	99,477	4,88	
74,350	-0,061	-0,010	0,035	-0,0015	-2,500E-4	8,333E-4	99,495	4,89	
74,400	-0,061	-0,005	0,070	-0,0015	-1,250E-4	0,002	99,503	4,88	
74,450	-0,061	0,000	0,052	-0,0015	0,000	0,001	99,508	4,89	
74,500	-0,061	0,000	0,017	-0,0015	0,000	4,167E-4	99,512	4,89	54,3
74,550	-0,061	0,000	0,000	-0,0015	0,000	0,000	99,501	4,89	
74,600	-0,061	0,000	0,000	-0,0015	0,000	0,000	99,519	4,89	
74,650	-0,061	0,000	0,000	-0,0015	0,000	0,000	99,521	4,88	
74,700	-0,061	0,000	0,000	-0,0015	0,000	0,000	99,510	4,88	
74,750	-0,061	0,000	0,000	-0,0015	0,000	0,000	99,505	4,89	
74,800	-0,061	0,000	0,000	-0,0015	0,000	0,000	99,495	4,89	
74,850	-0,061	0,000	0,000	-0,0015	0,000	0,000	99,514	4,89	
74,900	-0,061	0,000	0,000	-0,0015	0,000	0,000	99,503	4,89	
74,950	-0,061	0,000		-0,0015	0,000		99,508	4,89	
75,000	-0,061	0,000		-0,0015	0,000		99,519	4,88	54,3
75,050	-0,061			-0,0015			99,547	4,89	
