Time (s) Run #1	Angle (rad) Run #1	Angular Velocity (rad/s) Run #1	Angular Acceleration (rad/s²) Run #1	Position (m) Run #1	Velocity (m/s) Run #1	Acceleration (m/s²) Run #1	Absolute Pressure (kPa) Run #1	Temperature, Ch P2 (°C) Run #1	Temperature, Ch P3 (°C) Run #1
0,000	0,000			0,0000			99,503	3,99	62,2
0,050	0,000	0,000		0,0000	0,000		99,519	4,00	
0,100	0,000	0,000	0,000	0,0000	0,000	0,000	99,527	3,99	
0,150	0,000	0,000	0,000	0,0000	0,000	0,000	99,545	4,00	
0,200	0,000	0,000	0,000	0,0000	0,000	0,000	99,499	4,00	
0,250	0,000	0,000	0,000	0,0000	0,000	0,000	99,473	4,00	
0,300	0,000	0,000	0,000	0,0000	0,000	0,000	99,457	4,00	
0,350	0,000	0,000	0,000	0,0000	0,000	0,000	99,503	4,00	
0,400	0,000	0,000	0,000	0,0000	0,000	0,000	99,532	4,00	
0,450	0,000	0,000	0,000	0,0000	0,000	0,000	99,497	4,00	
0,500	0,000	0,000	0,000	0,0000	0,000	0,000	99,505	4,00	62,2
0,550	0,000	0,000	0,000	0,0000	0,000	0,000	99,497	4,00	
0,600	0,000	0,000	0,000	0,0000	0,000	0,000	99,521	4,01	
0,650	0,000	0,000	0,000	0,0000	0,000	0,000	99,519	4,00	
0,700	0,000	0,000	0,000	0,0000	0,000	0,000	99,486	4,00	
0,750	0,000	0,000	0,000	0,0000	0,000	0,000	99,495	4,01	
0,800	0,000	0,000	0,000	0,0000	0,000	0,000	99,525	4,00	
0,850	0,000	0,000	0,000	0,0000	0,000	0,000	99,503	4,00	
0,900	0,000	0,000	0,000	0,0000	0,000	0,000	99,516	4,00	
0,950	0,000	0,000	0,000	0,0000	0,000	0,000	99,516	4,00	
1,000	0,000	0,000	0,000	0,0000	0,000	0,000	99,516	4,00	62,2
1,050	0,000	0,000	0,000	0,0000	0,000	0,000	99,521	4,00	
1,100	0,000	0,000	0,000	0,0000	0,000	0,000	99,505	4,00	
1,150	0,000	0,000	0,000	0,0000	0,000	0,000	99,527	4,01	
1,200	0,000	0,000	0,000	0,0000	0,000	0,000	99,505	4,01	
1,250	0,000	0,000	0,000	0,0000	0,000	0,000	99,495	4,01	
1,300	0,000	0,000	0,000	0,0000	0,000	0,000	99,492	4,00	
1,350	0,000	0,000	0,000	0,0000	0,000	0,000	99,516	4,00	
1,400	0,000	0,000	0,000	0,0000	0,000	0,000	99,523	4,01	
1,450	0,000	0,000	0,000	0,0000	0,000	0,000	99,490	4,01	
1,500	0,000	0,000	0,000	0,0000	0,000	0,000	99,488	4,01	62,2
1,550	0,000	0,000	0,000	0,0000	0,000	0,000	99,547	4,01	
1,600	0,000	0,000	0,000	0,0000	0,000	0,000	99,508	4,01	
1,650	0,000	0,000	0,000	0,0000	0,000	0,000	99,477	4,01	
1,700	0,000	0,000	0,000	0,0000	0,000	0,000	99,503	4,01	
1,750	0,000	0,000	0,000	0,0000	0,000	0,000	99,497	4,01	
1,800	0,000	0,000	0,000	0,0000	0,000	0,000	99,501	4,01	
1,850	0,000	0,000	0,000	0,0000	0,000	0,000	99,490	4,01	
1,900	0,000	0,000	0,000	0,0000	0,000	0,000	99,484	4,01	
1,950	0,000	0,000	0,000	0,0000	0,000	0,000	99,490	4,02	
2,000	0,000	0,000	0,000	0,0000	0,000	0,000	99,512	4,01	62,2
2,050	0,000	0,000	0,000	0,0000	0,000	0,000	99,460	4,01	
2,100	0,000	0,000	0,000	0,0000	0,000	0,000	99,534	4,01	
2,150	0,000	0,000	0,000	0,0000	0,000	0,000	99,473	4,02	
2,200	0,000	0,000	0,000	0,0000	0,000	0,000	99,499	4,01	
2,250	0,000	0,000	0,000	0,0000	0,000	0,000	99,488	4,02	
2,300	0,000	0,000	0,000	0,0000	0,000	0,000	99,495	4,02	
2,350	0,000	0,000	0,000	0,0000	0,000	0,000	99,501	4,01	
2,400	0,000	0,000	0,000	0,0000	0,000	0,000	99,525	4,01	
2,450	0,000	0,000	0,000	0,0000	0,000	0,000	99,508	4,02	
2,500	0,000	0,000	0,000	0,0000	0,000	0,000	99,479	4,02	62,2
2,550	0,000	0,000	0,000	0,0000	0,000	0,000	99,512	4,02	
2,600	0,000	0,000	0,000	0,0000	0,000	0,000	99,530	4,02	
2,650	0,000	0,000	0,000	0,0000	0,000	0,000	99,530	4,01	
2,700	0,000	0,000	0,000	0,0000	0,000	0,000	99,477	4,02	
2,750	0,000	0,000	0,000	0,0000	0,000	0,000	99,532	4,01	
2,800	0,000	0,000	0,000	0,0000	0,000	0,000	99,501	4,02	
2,850	0,000	0,000	0,000	0,0000	0,000	0,000	99,543	4,02	
2,900	0,000	0,000	0,000	0,0000	0,000	0,000	99,527	4,02	
2,950	0,000	0,000	0,000	0,0000	0,000	0,000	99,495	4,02	
3,000	0,000	0,000	0,000	0,0000	0,000	0,000	99,499	4,02	62,2
3,050	0,000	0,000	0,000	0,0000	0,000	0,000	99,514	4,02	
3,100	0,000	0,000	0,000	0,0000	0,000	0,000	99,514	4,02	
3,150	0,000	0,000	0,000	0,0000	0,000	0,000	99,505	4,02	
3,200	0,000	0,000	0,000	0,0000	0,000	0,000	99,508	4,02	
3,250	0,000	0,000	0,000	0,0000	0,000	0,000	99,525	4,02	
3,300	0,000	0,000	0,000	0,0000	0,000	0,000	99,508	4,02	
3,350	0,000	0,000	0,000	0,0000	0,000	0,000	99,486	4,02	
3,400	0,000	0,000	0,000	0,0000	0,000	0,000	99,495	4,03	
3,450	0,000	0,000	0,000	0,0000	0,000	0,000	99,497	4,02	
3,500	0,000	0,000	0,000	0,0000	0,000	0,000	99,514	4,02	62,2
3,550	0,000	0,000	0,000	0,0000	0,000	0,000	99,519	4,02	
3,600	0,000	0,000	0,000	0,0000	0,000	0,000	99,527	4,03	
3,650	0,000	0,000	0,000	0,0000	0,000	0,000	99,508	4,02	
3,700	0,000	0,000	0,000	0,0000	0,000	0,000	99,536	4,03	
3,750	0,000	0,000	0,000	0,0000	0,000	0,000	99,475	4,02	
3,800	0,000	0,000	0,000	0,0000	0,000	0,000	99,492	4,03	
3,850	0,000	0,000	0,000	0,0000	0,000	0,000	99,473	4,03	
3,900	0,000	0,000	0,000	0,0000	0,000	0,000	99,497	4,03	
3,950	0,000	0,000	0,000	0,0000	0,000	0,000	99,534	4,03	
4,000	0,000	0,000	0,000	0,0000	0,000	0,000	99,514	4,03	62,2
4,050	0,000	0,000	0,000	0,0000	0,000	0,000	99,508	4,03	
4,100	0,000	0,000	0,000	0,0000	0,000	0,000	99,508	4,03	
4,150	0,000	0,000	0,000	0,0000	0,000	0,000	99,508	4,03	
4,200	0,000	0,000	0,000	0,0000	0,000	0,000	99,521	4,03	
4,250	0,000	0,000	0,000	0,0000	0,000	0,000	99,503	4,03	
4,300	0,000	0,000	0,000	0,0000	0,000	0,000	99,486	4,03	
4,350	0,000	0,000	0,000	0,0000	0,000	0,000	99,527	4,03	
4,400	0,000	0,000	0,000	0,0000	0,000	0,000	99,508	4,04	
4,450	0,000	0,000	0,000	0,0000	0,000	0,000	99,510	4,03	
4,500	0,000	0,000	0,000	0,0000	0,000	0,000	99,479	4,03	62,2
4,550	0,000	0,000	0,000	0,0000	0,000	0,000	99,490	4,03	
4,600	0,000	0,000	0,000	0,0000	0,000	0,000	99,490	4,03	
4,650	0,000	0,000	0,000	0,0000	0,000	0,000	99,514	4,03	
4,700	0,000	0,000	0,000	0,0000	0,000	0,000	99,492	4,03	
4,750	0,000	0,000	0,000	0,0000	0,000	0,000	99,516	4,03	
4,800	0,000	0,000	0,000	0,0000	0,000	0,000	99,481	4,04	
4,850	0,000	0,000	0,000	0,0000	0,000	0,000	99,519	4,04	
4,900	0,000	0,000	0,000	0,0000	0,000	0,000	99,523	4,03	
4,950	0,000	0,000	0,000	0,0000	0,000	0,000	99,510	4,03	
5,000	0,000	0,000	0,000	0,0000	0,000	0,000	99,466	4,04	62,2
5,050	0,000	0,000	0,000	0,0000	0,000	0,000	99,501	4,04	
5,100	0,000	0,000	0,000	0,0000	0,000	0,000	99,510	4,03	
5,150	0,000	0,000	0,000	0,0000	0,000	0,000	99,479	4,03	
5,200	0,000	0,000	0,000	0,0000	0,000	0,000	99,536	4,05	
5,250	0,000	0,000	0,000	0,0000	0,000	0,000	99,508	4,04	
5,300	0,000	0,000	0,000	0,0000	0,000	0,000	99,512	4,04	
5,350	0,000	0,000	0,000	0,0000	0,000	0,000	99,486	4,04	
5,400	0,000	0,000	0,000	0,0000	0,000	0,000	99,481	4,04	
5,450	0,000	0,000	0,000	0,0000	0,000	0,000	99,508	4,04	
5,500	0,000	0,000	0,000	0,0000	0,000	0,000	99,488	4,03	62,1
5,550	0,000	0,000	0,000	0,0000	0,000	0,000	99,523	4,04	
5,600	0,000	0,000	0,000	0,0000	0,000	0,000	99,495	4,04	
5,650	0,000	0,000	0,000	0,0000	0,000	0,000	99,477	4,04	
5,700	0,000	0,000	0,000	0,0000	0,000	0,000	99,525	4,05	
5,750	0,000	0,000	0,000	0,0000	0,000	0,000	99,486	4,05	
5,800	0,000	0,000	0,000	0,0000	0,000	0,000	99,508	4,05	
5,850	0,000	0,000	0,000	0,0000	0,000	0,000	99,514	4,05	
5,900	0,000	0,000	0,000	0,0000	0,000	0,000	99,503	4,04	
5,950	0,000	0,000	0,000	0,0000	0,000	0,000	99,503	4,04	
6,000	0,000	0,000	0,000	0,0000	0,000	0,000	99,492	4,04	62,1
6,050	0,000	0,000	0,000	0,0000	0,000	0,000	99,488	4,04	
6,100	0,000	0,000	0,000	0,0000	0,000	0,000	99,514	4,05	
6,150	0,000	0,000	0,000	0,0000	0,000	0,000	99,486	4,05	
6,200	0,000	0,000	0,000	0,0000	0,000	0,000	99,497	4,05	
6,250	0,000	0,000	0,000	0,0000	0,000	0,000	99,523	4,05	
6,300	0,000	0,000	0,000	0,0000	0,000	0,000	99,501	4,05	
6,350	0,000	0,000	0,000	0,0000	0,000	0,000	99,497	4,05	
6,400	0,000	0,000	0,000	0,0000	0,000	0,000	99,505	4,05	
6,450	0,000	0,000	0,000	0,0000	0,000	0,000	99,503	4,05	
6,500	0,000	0,000	0,000	0,0000	0,000	0,000	99,497	4,06	62,1
6,550	0,000	0,000	0,000	0,0000	0,000	0,000	99,521	4,06	
6,600	0,000	0,000	0,000	0,0000	0,000	0,000	99,488	4,05	
6,650	0,000	0,000	0,000	0,0000	0,000	0,000	99,488	4,06	
6,700	0,000	0,000	0,000	0,0000	0,000	0,000	99,510	4,05	
6,750	0,000	0,000	0,000	0,0000	0,000	0,000	99,536	4,05	
6,800	0,000	0,000	0,000	0,0000	0,000	0,000	99,519	4,06	
6,850	0,000	0,000	0,000	0,0000	0,000	0,000	99,512	4,06	
6,900	0,000	0,000	0,000	0,0000	0,000	0,000	99,495	4,06	
6,950	0,000	0,000	0,000	0,0000	0,000	0,000	99,499	4,05	
7,000	0,000	0,000	0,000	0,0000	0,000	0,000	99,514	4,06	62,1
7,050	0,000	0,000	0,000	0,0000	0,000	0,000	99,521	4,06	
7,100	0,000	0,000	0,000	0,0000	0,000	0,000	99,488	4,06	
7,150	0,000	0,000	0,000	0,0000	0,000	0,000	99,497	4,06	
7,200	0,000	0,000	0,000	0,0000	0,000	0,000	99,512	4,06	
7,250	0,000	0,000	0,000	0,0000	0,000	0,000	99,486	4,06	
7,300	0,000	0,000	0,000	0,0000	0,000	0,000	99,488	4,06	
7,350	0,000	0,000	0,000	0,0000	0,000	0,000	99,519	4,06	
7,400	0,000	0,000	0,000	0,0000	0,000	0,000	99,495	4,06	
7,450	0,000	0,000	0,000	0,0000	0,000	0,000	99,534	4,06	
7,500	0,000	0,000	0,000	0,0000	0,000	0,000	99,508	4,07	62,1
7,550	0,000	0,000	0,000	0,0000	0,000	0,000	99,508	4,06	
7,600	0,000	0,000	0,000	0,0000	0,000	0,000	99,508	4,05	
7,650	0,000	0,000	0,000	0,0000	0,000	0,000	99,460	4,05	
7,700	0,000	0,000	0,000	0,0000	0,000	0,000	99,519	4,06	
7,750	0,000	0,000	0,000	0,0000	0,000	0,000	99,527	4,06	
7,800	0,000	0,000	0,000	0,0000	0,000	0,000	99,516	4,06	
7,850	0,000	0,000	0,000	0,0000	0,000	0,000	99,464	4,06	
7,900	0,000	0,000	0,000	0,0000	0,000	0,000	99,501	4,07	
7,950	0,000	0,000	0,000	0,0000	0,000	0,000	99,510	4,06	
8,000	0,000	0,000	0,000	0,0000	0,000	0,000	99,490	4,06	62,1
8,050	0,000	0,000	0,000	0,0000	0,000	0,000	99,536	4,06	
8,100	0,000	0,000	0,000	0,0000	0,000	0,000	99,510	4,07	
8,150	0,000	0,000	0,000	0,0000	0,000	0,000	99,510	4,06	
8,200	0,000	0,000	0,000	0,0000	0,000	0,000	99,519	4,06	
8,250	0,000	0,000	0,000	0,0000	0,000	0,000	99,536	4,07	
8,300	0,000	0,000	0,000	0,0000	0,000	0,000	99,497	4,07	
8,350	0,000	0,000	0,000	0,0000	0,000	0,000	99,501	4,06	
8,400	0,000	0,000	0,000	0,0000	0,000	0,000	99,490	4,06	
8,450	0,000	0,000	0,000	0,0000	0,000	0,000	99,514	4,06	
8,500	0,000	0,000	0,000	0,0000	0,000	0,000	99,514	4,06	62,1
8,550	0,000	0,000	0,000	0,0000	0,000	0,000	99,499	4,06	
8,600	0,000	0,000	0,000	0,0000	0,000	0,000	99,481	4,06	
8,650	0,000	0,000	0,000	0,0000	0,000	0,000	99,523	4,06	
8,700	0,000	0,000	0,000	0,0000	0,000	0,000	99,527	4,07	
8,750	0,000	0,000	0,000	0,0000	0,000	0,000	99,510	4,07	
8,800	0,000	0,000	0,000	0,0000	0,000	0,000	99,521	4,06	
8,850	0,000	0,000	0,000	0,0000	0,000	0,000	99,481	4,06	
8,900	0,000	0,000	0,000	0,0000	0,000	0,000	99,521	4,06	
8,950	0,000	0,000	0,000	0,0000	0,000	0,000	99,512	4,07	
9,000	0,000	0,000	0,000	0,0000	0,000	0,000	99,525	4,07	62,0
9,050	0,000	0,000	0,000	0,0000	0,000	0,000	99,486	4,07	
9,100	0,000	0,000	0,000	0,0000	0,000	0,000	99,519	4,06	
9,150	0,000	0,000	0,000	0,0000	0,000	0,000	99,497	4,07	
9,200	0,000	0,000	0,000	0,0000	0,000	0,000	99,490	4,07	
9,250	0,000	0,000	0,000	0,0000	0,000	0,000	99,512	4,07	
9,300	0,000	0,000	0,000	0,0000	0,000	0,000	99,521	4,07	
9,350	0,000	0,000	0,000	0,0000	0,000	0,000	99,497	4,07	
9,400	0,000	0,000	0,000	0,0000	0,000	0,000	99,490	4,07	
9,450	0,000	0,000	0,000	0,0000	0,000	0,000	99,516	4,08	
9,500	0,000	0,000	0,000	0,0000	0,000	0,000	99,547	4,07	62,0
9,550	0,000	0,000	0,000	0,0000	0,000	0,000	99,534	4,06	
9,600	0,000	0,000	0,000	0,0000	0,000	0,000	99,538	4,07	
9,650	0,000	0,000	0,000	0,0000	0,000	0,000	99,523	4,07	
9,700	0,000	0,000	0,000	0,0000	0,000	0,000	99,501	4,07	
9,750	0,000	0,000	0,000	0,0000	0,000	0,000	99,505	4,07	
9,800	0,000	0,000	0,000	0,0000	0,000	0,000	99,521	4,08	
9,850	0,000	0,000	0,000	0,0000	0,000	0,000	99,523	4,07	
9,900	0,000	0,000	0,000	0,0000	0,000	0,000	99,521	4,07	
9,950	0,000	0,000	0,000	0,0000	0,000	0,000	99,536	4,08	
10,000	0,000	0,000	0,000	0,0000	0,000	0,000	99,505	4,07	62,0
10,050	0,000	0,000	0,000	0,0000	0,000	0,000	99,514	4,07	
10,100	0,000	0,000	0,000	0,0000	0,000	0,000	99,534	4,08	
10,150	0,000	0,000	0,000	0,0000	0,000	0,000	99,514	4,08	
10,200	0,000	0,000	0,000	0,0000	0,000	0,000	99,538	4,08	
10,250	0,000	0,000	0,000	0,0000	0,000	0,000	99,536	4,07	
10,300	0,000	0,000	0,000	0,0000	0,000	0,000	99,523	4,08	
10,350	0,000	0,000	0,000	0,0000	0,000	0,000	99,521	4,08	
10,400	0,000	0,000	0,000	0,0000	0,000	0,000	99,545	4,07	
10,450	0,000	0,000	0,000	0,0000	0,000	0,000	99,545	4,08	
10,500	0,000	0,000	0,000	0,0000	0,000	0,000	99,543	4,07	62,0
10,550	0,000	0,000	0,000	0,0000	0,000	0,000	99,562	4,07	
10,600	0,000	0,000	0,000	0,0000	0,000	0,000	99,578	4,07	
10,650	0,000	0,000	0,000	0,0000	0,000	0,000	99,549	4,06	
10,700	0,000	0,000	0,000	0,0000	0,000	0,000	99,540	4,06	
10,750	0,000	0,000	0,000	0,0000	0,000	0,000	99,549	4,06	
10,800	0,000	0,000	0,000	0,0000	0,000	0,000	99,597	4,06	
10,850	0,000	0,000	0,000	0,0000	0,000	0,000	99,575	4,06	
10,900	0,000	0,000	0,000	0,0000	0,000	0,000	99,571	4,05	
10,950	0,000	0,000	0,000	0,0000	0,000	0,000	99,556	4,05	
11,000	0,000	0,000	0,000	0,0000	0,000	0,000	99,558	4,05	62,0
11,050	0,000	0,000	0,000	0,0000	0,000	0,000	99,560	4,04	
11,100	0,000	0,000	0,000	0,0000	0,000	0,000	99,564	4,03	
11,150	0,000	0,000	0,000	0,0000	0,000	0,000	99,554	4,03	
11,200	0,000	0,000	0,000	0,0000	0,000	0,000	99,573	4,02	
11,250	0,000	0,000	0,000	0,0000	0,000	0,000	99,578	4,02	
11,300	0,000	0,000	0,000	0,0000	0,000	0,000	99,580	4,02	
11,350	0,000	0,000	0,000	0,0000	0,000	0,000	99,575	4,02	
11,400	0,000	0,000	0,000	0,0000	0,000	0,000	99,595	4,02	
11,450	0,000	0,000	0,000	0,0000	0,000	0,000	99,582	4,01	
11,500	0,000	0,000	0,000	0,0000	0,000	0,000	99,604	4,01	62,0
11,550	0,000	0,000	0,000	0,0000	0,000	0,000	99,599	4,01	
11,600	0,000	0,000	0,000	0,0000	0,000	0,000	99,580	4,00	
11,650	0,000	0,000	0,000	0,0000	0,000	0,000	99,595	4,00	
11,700	0,000	0,000	0,000	0,0000	0,000	0,000	99,567	3,99	
11,750	0,000	0,000	0,000	0,0000	0,000	0,000	99,606	3,99	
11,800	0,000	0,000	0,000	0,0000	0,000	0,000	99,571	3,99	
11,850	0,000	0,000	0,000	0,0000	0,000	0,000	99,532	3,98	
11,900	0,000	0,000	0,000	0,0000	0,000	0,000	99,573	3,99	
11,950	0,000	0,000	0,000	0,0000	0,000	0,000	99,536	3,98	
12,000	0,000	0,000	0,000	0,0000	0,000	0,000	99,545	3,98	62,0
12,050	0,000	0,000	0,000	0,0000	0,000	0,000	99,540	3,98	
12,100	0,000	0,000	0,000	0,0000	0,000	0,000	99,532	3,98	
12,150	0,000	0,000	0,000	0,0000	0,000	0,000	99,575	3,98	
12,200	0,000	0,000	0,000	0,0000	0,000	0,000	99,578	3,97	
12,250	0,000	0,000	0,000	0,0000	0,000	0,000	99,573	3,97	
12,300	0,000	0,000	0,000	0,0000	0,000	0,000	99,538	3,97	
12,350	0,000	0,000	0,000	0,0000	0,000	0,000	99,580	3,98	
12,400	0,000	0,000	0,000	0,0000	0,000	0,000	99,575	3,97	
12,450	0,000	0,000	0,000	0,0000	0,000	0,000	99,545	3,97	
12,500	0,000	0,000	0,000	0,0000	0,000	0,000	99,525	3,97	62,0
12,550	0,000	0,000	0,000	0,0000	0,000	0,000	99,560	3,97	
12,600	0,000	0,000	0,000	0,0000	0,000	0,000	99,545	3,97	
12,650	0,000	0,000	0,000	0,0000	0,000	0,000	99,562	3,97	
12,700	0,000	0,000	0,000	0,0000	0,000	0,000	99,556	3,97	
12,750	0,000	0,000	0,000	0,0000	0,000	0,000	99,536	3,97	
12,800	0,000	0,000	0,000	0,0000	0,000	0,000	99,512	3,97	
12,850	0,000	0,000	0,000	0,0000	0,000	0,000	99,536	3,97	
12,900	0,000	0,000	0,000	0,0000	0,000	0,000	99,505	3,97	
12,950	0,000	0,000	0,000	0,0000	0,000	0,000	99,549	3,98	
13,000	0,000	0,000	0,000	0,0000	0,000	0,000	99,514	3,97	62,0
13,050	0,000	0,000	0,000	0,0000	0,000	0,000	99,549	3,97	
13,100	0,000	0,000	0,000	0,0000	0,000	0,000	99,490	3,97	
13,150	0,000	0,000	0,000	0,0000	0,000	0,000	99,484	3,98	
13,200	0,000	0,000	0,000	0,0000	0,000	0,000	99,495	3,98	
13,250	0,000	0,000	0,000	0,0000	0,000	0,000	99,516	3,97	
13,300	0,000	0,000	0,000	0,0000	0,000	0,000	99,503	3,98	
13,350	0,000	0,000	0,000	0,0000	0,000	0,000	99,486	3,98	
13,400	0,000	0,000	0,000	0,0000	0,000	0,000	99,492	3,98	
13,450	0,000	0,000	0,000	0,0000	0,000	0,000	99,521	3,98	
13,500	0,000	0,000	0,000	0,0000	0,000	0,000	99,538	3,99	62,0
13,550	0,000	0,000	0,000	0,0000	0,000	0,000	99,462	3,98	
13,600	0,000	0,000	0,000	0,0000	0,000	0,000	99,488	3,98	
13,650	0,000	0,000	0,000	0,0000	0,000	0,000	99,510	3,98	
13,700	0,000	0,000	-0,017	0,0000	0,000	-4,167E-4	99,481	3,98	
13,750	0,000	0,000	-0,052	0,0000	0,000	-0,001	99,497	3,98	
13,800	0,000	-0,005	-0,070	0,0000	-1,250E-4	-0,002	99,505	3,98	
13,850	0,000	-0,010	-0,035	0,0000	-2,500E-4	-8,333E-4	99,499	3,98	
13,900	-0,002	-0,010	0,035	-3,7500E-5	-2,500E-4	8,333E-4	99,473	3,99	
13,950	-0,002	-0,005	0,070	-3,7500E-5	-1,250E-4	0,002	99,468	3,99	
14,000	-0,002	0,000	0,052	-3,7500E-5	0,000	0,001	99,466	3,99	62,0
14,050	-0,002	0,000	0,017	-3,7500E-5	0,000	4,167E-4	99,499	3,99	
14,100	-0,002	0,000	-0,017	-3,7500E-5	0,000	-4,167E-4	99,497	3,98	
14,150	-0,002	0,000	-0,052	-3,7500E-5	0,000	-0,001	99,488	3,98	
14,200	-0,002	-0,005	-0,070	-3,7500E-5	-1,250E-4	-0,002	99,464	3,99	
14,250	-0,002	-0,010	-0,035	-3,7500E-5	-2,500E-4	-8,333E-4	99,492	3,98	
14,300	-0,003	-0,010	0,035	-7,5000E-5	-2,500E-4	8,333E-4	99,516	3,99	
14,350	-0,003	-0,005	0,070	-7,5000E-5	-1,250E-4	0,002	99,488	3,99	
14,400	-0,003	0,000	0,052	-7,5000E-5	0,000	0,001	99,453	3,98	
14,450	-0,003	0,000	0,017	-7,5000E-5	0,000	4,167E-4	99,438	3,99	
14,500	-0,003	0,000	0,000	-7,5000E-5	0,000	0,000	99,488	3,99	62,0
14,550	-0,003	0,000	0,000	-7,5000E-5	0,000	0,000	99,475	3,99	
14,600	-0,003	0,000	0,000	-7,5000E-5	0,000	0,000	99,486	3,99	
14,650	-0,003	0,000	0,000	-7,5000E-5	0,000	0,000	99,490	3,99	
14,700	-0,003	0,000	0,000	-7,5000E-5	0,000	0,000	99,477	3,99	
14,750	-0,003	0,000	-0,017	-7,5000E-5	0,000	-4,167E-4	99,492	4,00	
14,800	-0,003	0,000	-0,052	-7,5000E-5	0,000	-0,001	99,449	3,99	
14,850	-0,003	-0,005	-0,070	-7,5000E-5	-1,250E-4	-0,002	99,464	4,00	
14,900	-0,003	-0,010	-0,035	-7,5000E-5	-2,500E-4	-8,333E-4	99,503	3,99	
14,950	-0,005	-0,010	0,035	-1,1250E-4	-2,500E-4	8,333E-4	99,497	3,99	
15,000	-0,005	-0,005	0,070	-1,1250E-4	-1,250E-4	0,002	99,488	3,99	62,0
15,050	-0,005	0,000	0,052	-1,1250E-4	0,000	0,001	99,479	3,99	
15,100	-0,005	0,000	0,017	-1,1250E-4	0,000	4,167E-4	99,477	3,99	
15,150	-0,005	0,000	0,000	-1,1250E-4	0,000	0,000	99,446	3,99	
15,200	-0,005	0,000	0,000	-1,1250E-4	0,000	0,000	99,481	3,99	
15,250	-0,005	0,000	0,000	-1,1250E-4	0,000	0,000	99,468	3,99	
15,300	-0,005	0,000	0,000	-1,1250E-4	0,000	0,000	99,481	4,00	
15,350	-0,005	0,000	0,000	-1,1250E-4	0,000	0,000	99,471	4,00	
15,400	-0,005	0,000	0,000	-1,1250E-4	0,000	0,000	99,479	4,00	
15,450	-0,005	0,000	0,000	-1,1250E-4	0,000	0,000	99,530	4,00	
15,500	-0,005	0,000	0,000	-1,1250E-4	0,000	0,000	99,508	4,00	62,0
15,550	-0,005	0,000	0,000	-1,1250E-4	0,000	0,000	99,499	3,99	
15,600	-0,005	0,000	0,000	-1,1250E-4	0,000	0,000	99,479	4,00	
15,650	-0,005	0,000	0,000	-1,1250E-4	0,000	0,000	99,503	4,00	
15,700	-0,005	0,000	-0,017	-1,1250E-4	0,000	-4,167E-4	99,436	4,00	
15,750	-0,005	0,000	-0,052	-1,1250E-4	0,000	-0,001	99,484	4,00	
15,800	-0,005	-0,005	-0,070	-1,1250E-4	-1,250E-4	-0,002	99,444	4,00	
15,850	-0,005	-0,010	-0,035	-1,1250E-4	-2,500E-4	-8,333E-4	99,468	4,00	
15,900	-0,006	-0,010	0,035	-1,5000E-4	-2,500E-4	8,333E-4	99,488	4,00	
15,950	-0,006	-0,005	0,070	-1,5000E-4	-1,250E-4	0,002	99,460	4,01	
16,000	-0,006	0,000	0,052	-1,5000E-4	0,000	0,001	99,488	4,00	62,0
16,050	-0,006	0,000	0,017	-1,5000E-4	0,000	4,167E-4	99,516	4,00	
16,100	-0,006	0,000	0,000	-1,5000E-4	0,000	0,000	99,492	4,00	
16,150	-0,006	0,000	0,000	-1,5000E-4	0,000	0,000	99,464	4,00	
16,200	-0,006	0,000	0,000	-1,5000E-4	0,000	0,000	99,495	4,00	
16,250	-0,006	0,000	0,000	-1,5000E-4	0,000	0,000	99,481	4,00	
16,300	-0,006	0,000	0,000	-1,5000E-4	0,000	0,000	99,527	4,00	
16,350	-0,006	0,000	0,000	-1,5000E-4	0,000	0,000	99,501	4,01	
16,400	-0,006	0,000	0,000	-1,5000E-4	0,000	0,000	99,501	4,00	
16,450	-0,006	0,000	0,000	-1,5000E-4	0,000	0,000	99,481	4,00	
16,500	-0,006	0,000	-0,262	-1,5000E-4	0,000	-0,006	99,486	4,00	62,0
16,550	-0,006	0,000	-0,855	-1,5000E-4	0,000	-0,020	99,464	4,01	
16,600	-0,006	-0,079	-1,187	-1,5000E-4	-0,002	-0,028	99,490	4,00	
16,650	-0,006	-0,178	-0,471	-1,5000E-4	-0,004	-0,011	99,516	4,01	
16,700	-0,030	-0,178	0,942	-7,1250E-4	-0,004	0,023	99,676	4,00	
16,750	-0,036	-0,042	1,012	-8,6250E-4	-0,001	0,024	99,895	4,00	
16,800	-0,030	0,068	-1,344	-7,1250E-4	0,002	-0,032	99,770	4,00	
16,850	-0,019	-0,120	-4,503	-4,5000E-4	-0,003	-0,107	99,643	4,01	
16,900	-0,027	-0,503	-5,393	-6,3750E-4	-0,012	-0,129	99,604	4,00	
16,950	-0,075	-0,822	-2,758	-0,0018	-0,020	-0,066	100,297	4,00	
17,000	-0,124	-0,848	1,379	-0,0030	-0,020	0,033	101,066	4,01	61,9
17,050	-0,168	-0,602	4,224	-0,0040	-0,014	0,101	101,693	4,01	
17,100	-0,188	-0,309	4,451	-0,0045	-0,007	0,106	101,938	4,01	
17,150	-0,192	-0,094	2,880	-0,0046	-0,002	0,069	101,934	4,01	
17,200	-0,193	-0,021	1,117	-0,0046	-5,000E-4	0,027	101,912	4,01	
17,250	-0,192	-0,026	0,070	-0,0046	-6,250E-4	0,002	101,853	4,00	
17,300	-0,195	-0,042	-0,175	-0,0047	-1,000E-3	-0,004	101,910	4,01	
17,350	-0,198	-0,052	-0,070	-0,0047	-0,001	-0,002	101,879	4,02	
17,400	-0,199	-0,047	0,052	-0,0048	-0,001	0,001	101,910	4,01	
17,450	-0,203	-0,042	0,105	-0,0048	-1,000E-3	0,003	101,894	4,00	
17,500	-0,204	-0,037	0,105	-0,0049	-8,750E-4	0,003	101,914	4,02	61,9
17,550	-0,206	-0,031	0,087	-0,0049	-7,500E-4	0,002	101,888	4,01	
17,600	-0,207	-0,026	0,035	-0,0050	-6,250E-4	8,333E-4	101,877	4,01	
17,650	-0,209	-0,026	-0,017	-0,0050	-6,250E-4	-4,167E-4	101,886	4,01	
17,700	-0,209	-0,031	-0,017	-0,0050	-7,500E-4	-4,167E-4	101,851	4,01	
17,750	-0,212	-0,031	0,035	-0,0051	-7,500E-4	8,333E-4	101,870	4,01	
17,800	-0,214	-0,026	0,052	-0,0051	-6,250E-4	0,001	101,879	4,01	
17,850	-0,214	-0,021	-1,596E-15	-0,0051	-5,000E-4	-7,589E-18	101,875	4,02	
17,900	-0,215	-0,026	-0,035	-0,0051	-6,250E-4	-8,333E-4	101,905	4,01	
17,950	-0,217	-0,031	-0,017	-0,0052	-7,500E-4	-4,167E-4	101,870	4,01	
18,000	-0,218	-0,026	0,017	-0,0052	-6,250E-4	4,167E-4	101,931	4,00	61,9
18,050	-0,220	-0,026	0,017	-0,0053	-6,250E-4	4,167E-4	101,903	4,01	
18,100	-0,220	-0,026	-1,527E-15	-0,0053	-6,250E-4	-8,674E-18	101,883	4,02	
18,150	-0,223	-0,026	0,017	-0,0053	-6,250E-4	4,167E-4	101,894	4,01	
18,200	-0,223	-0,026	0,035	-0,0053	-6,250E-4	8,333E-4	101,868	4,01	
18,250	-0,225	-0,021	0,035	-0,0054	-5,000E-4	8,333E-4	101,886	4,01	
18,300	-0,226	-0,021	3,469E-17	-0,0054	-5,000E-4	8,674E-17	101,864	4,02	
18,350	-0,226	-0,021	-0,035	-0,0054	-5,000E-4	-8,333E-4	101,883	4,01	
18,400	-0,228	-0,026	-0,017	-0,0054	-6,250E-4	-4,167E-4	101,907	4,02	
18,450	-0,229	-0,026	0,017	-0,0055	-6,250E-4	4,167E-4	101,883	4,01	
18,500	-0,231	-0,021	0,035	-0,0055	-5,000E-4	8,333E-4	101,890	4,02	61,9
18,550	-0,231	-0,021	0,017	-0,0055	-5,000E-4	4,167E-4	101,888	4,02	
18,600	-0,232	-0,021	-1,249E-15	-0,0056	-5,000E-4	2,819E-17	101,866	4,02	
18,650	-0,234	-0,021	-1,249E-15	-0,0056	-5,000E-4	-1,084E-18	101,886	4,01	
18,700	-0,234	-0,021	1,249E-15	-0,0056	-5,000E-4	1,084E-18	101,875	4,01	
18,750	-0,236	-0,021	0,017	-0,0056	-5,000E-4	4,167E-4	101,907	4,02	
18,800	-0,237	-0,021	0,035	-0,0057	-5,000E-4	8,333E-4	101,888	4,02	
18,850	-0,237	-0,016	0,017	-0,0057	-3,750E-4	4,167E-4	101,853	4,02	
18,900	-0,239	-0,016	-0,017	-0,0057	-3,750E-4	-4,167E-4	101,881	4,02	
18,950	-0,239	-0,021	-0,035	-0,0057	-5,000E-4	-8,333E-4	101,883	4,01	
19,000	-0,240	-0,021	2,151E-15	-0,0057	-5,000E-4	-5,963E-18	101,892	4,03	61,9
19,050	-0,242	-0,021	0,035	-0,0058	-5,000E-4	8,333E-4	101,875	4,02	
19,100	-0,242	-0,016	0,035	-0,0058	-3,750E-4	8,333E-4	101,892	4,01	
19,150	-0,243	-0,016	0,017	-0,0058	-3,750E-4	4,167E-4	101,877	4,02	
19,200	-0,243	-0,016	-0,017	-0,0058	-3,750E-4	-4,167E-4	101,907	4,02	
19,250	-0,245	-0,016	-0,035	-0,0059	-3,750E-4	-8,333E-4	101,894	4,02	
19,300	-0,245	-0,021	-0,017	-0,0059	-5,000E-4	-4,167E-4	101,868	4,02	
19,350	-0,247	-0,021	0,035	-0,0059	-5,000E-4	8,333E-4	101,912	4,02	
19,400	-0,248	-0,016	0,052	-0,0059	-3,750E-4	0,001	101,910	4,02	
19,450	-0,248	-0,010	-3,088E-15	-0,0059	-2,500E-4	-2,927E-17	101,899	4,02	
19,500	-0,248	-0,016	-0,035	-0,0059	-3,750E-4	-8,333E-4	101,886	4,03	61,8
19,550	-0,250	-0,021	1,839E-15	-0,0060	-5,000E-4	7,915E-17	101,896	4,02	
19,600	-0,251	-0,016	0,052	-0,0060	-3,750E-4	0,001	101,868	4,02	
19,650	-0,251	-0,010	0,035	-0,0060	-2,500E-4	8,333E-4	101,890	4,02	
19,700	-0,251	-0,010	-0,017	-0,0060	-2,500E-4	-4,167E-4	101,894	4,02	
19,750	-0,253	-0,016	-0,035	-0,0060	-3,750E-4	-8,333E-4	101,879	4,03	
19,800	-0,253	-0,016	-0,017	-0,0060	-3,750E-4	-4,167E-4	101,936	4,01	
19,850	-0,254	-0,016	0,000	-0,0061	-3,750E-4	0,000	101,872	4,02	
19,900	-0,254	-0,016	-9,368E-16	-0,0061	-3,750E-4	-8,023E-17	101,899	4,02	
19,950	-0,256	-0,016	-9,368E-16	-0,0061	-3,750E-4	-2,223E-17	101,896	4,03	
20,000	-0,256	-0,016	9,368E-16	-0,0061	-3,750E-4	8,023E-17	101,868	4,02	61,8
20,050	-0,258	-0,016	0,017	-0,0062	-3,750E-4	4,167E-4	101,905	4,03	
20,100	-0,258	-0,016	0,035	-0,0062	-3,750E-4	8,333E-4	101,901	4,02	
20,150	-0,259	-0,010	0,035	-0,0062	-2,500E-4	8,333E-4	101,888	4,02	
20,200	-0,259	-0,010	-9,368E-16	-0,0062	-2,500E-4	7,047E-18	101,910	4,03	
20,250	-0,259	-0,010	-0,035	-0,0062	-2,500E-4	-8,333E-4	101,907	4,03	
20,300	-0,261	-0,016	-0,035	-0,0062	-3,750E-4	-8,333E-4	101,894	4,02	
20,350	-0,261	-0,016	-0,017	-0,0062	-3,750E-4	-4,167E-4	101,890	4,03	
20,400	-0,262	-0,016	-9,368E-16	-0,0063	-3,750E-4	-5,150E-17	101,888	4,03	
20,450	-0,262	-0,016	-9,368E-16	-0,0063	-3,750E-4	3,578E-17	101,883	4,02	
20,500	-0,264	-0,016	0,017	-0,0063	-3,750E-4	4,167E-4	101,892	4,02	61,8
20,550	-0,264	-0,016	0,035	-0,0063	-3,750E-4	8,333E-4	101,883	4,02	
20,600	-0,265	-0,010	0,035	-0,0063	-2,500E-4	8,333E-4	101,910	4,03	
20,650	-0,265	-0,010	-6,072E-16	-0,0063	-2,500E-4	1,464E-17	101,896	4,03	
20,700	-0,265	-0,010	-0,035	-0,0063	-2,500E-4	-8,333E-4	101,883	4,03	
20,750	-0,267	-0,016	-0,017	-0,0064	-3,750E-4	-4,167E-4	101,894	4,02	
20,800	-0,267	-0,016	0,017	-0,0064	-3,750E-4	4,167E-4	101,888	4,03	
20,850	-0,269	-0,010	0,035	-0,0064	-2,500E-4	8,333E-4	101,875	4,03	
20,900	-0,269	-0,010	-6,072E-16	-0,0064	-2,500E-4	-1,464E-17	101,859	4,03	
20,950	-0,269	-0,010	-0,035	-0,0064	-2,500E-4	-8,333E-4	101,892	4,03	
21,000	-0,270	-0,016	-0,017	-0,0065	-3,750E-4	-4,167E-4	101,877	4,03	61,8
21,050	-0,270	-0,016	0,017	-0,0065	-3,750E-4	4,167E-4	101,879	4,03	
21,100	-0,272	-0,010	0,035	-0,0065	-2,500E-4	8,333E-4	101,910	4,03	
21,150	-0,272	-0,010	0,017	-0,0065	-2,500E-4	4,167E-4	101,890	4,03	
21,200	-0,272	-0,010	-6,245E-16	-0,0065	-2,500E-4	1,409E-17	101,877	4,03	
21,250	-0,273	-0,010	6,245E-16	-0,0065	-2,500E-4	7,264E-17	101,896	4,04	
21,300	-0,273	-0,010	-0,017	-0,0065	-2,500E-4	-4,167E-4	101,851	4,02	
21,350	-0,273	-0,010	-0,035	-0,0065	-2,500E-4	-8,333E-4	101,877	4,04	
21,400	-0,275	-0,016	-0,017	-0,0066	-3,750E-4	-4,167E-4	101,890	4,03	
21,450	-0,275	-0,016	0,017	-0,0066	-3,750E-4	4,167E-4	101,875	4,03	
21,500	-0,276	-0,010	0,035	-0,0066	-2,500E-4	8,333E-4	101,894	4,04	61,8
21,550	-0,276	-0,010	0,017	-0,0066	-2,500E-4	4,167E-4	101,916	4,04	
21,600	-0,276	-0,010	0,000	-0,0066	-2,500E-4	-5,746E-17	101,910	4,03	
21,650	-0,278	-0,010	-6,245E-16	-0,0066	-2,500E-4	-1,464E-17	101,859	4,03	
21,700	-0,278	-0,010	-0,017	-0,0066	-2,500E-4	-4,167E-4	101,888	4,04	
21,750	-0,278	-0,010	-0,035	-0,0066	-2,500E-4	-8,333E-4	101,927	4,03	
21,800	-0,280	-0,016	-0,017	-0,0067	-3,750E-4	-4,167E-4	101,901	4,03	
21,850	-0,280	-0,016	0,017	-0,0067	-3,750E-4	4,167E-4	101,883	4,03	
21,900	-0,281	-0,010	0,035	-0,0067	-2,500E-4	8,333E-4	101,888	4,04	
21,950	-0,281	-0,010	0,017	-0,0067	-2,500E-4	4,167E-4	101,903	4,04	
22,000	-0,281	-0,010	6,245E-16	-0,0067	-2,500E-4	7,264E-17	101,886	4,04	61,8
22,050	-0,283	-0,010	6,245E-16	-0,0068	-2,500E-4	1,019E-16	101,903	4,04	
22,100	-0,283	-0,010	0,000	-0,0068	-2,500E-4	0,000	101,905	4,04	
22,150	-0,283	-0,010	-6,245E-16	-0,0068	-2,500E-4	-1,019E-16	101,890	4,04	
22,200	-0,284	-0,010	-6,245E-16	-0,0068	-2,500E-4	-7,264E-17	101,853	4,04	
22,250	-0,284	-0,010	-0,017	-0,0068	-2,500E-4	-4,167E-4	101,851	4,03	
22,300	-0,284	-0,010	-0,035	-0,0068	-2,500E-4	-8,333E-4	101,886	4,04	
22,350	-0,286	-0,016	-0,017	-0,0068	-3,750E-4	-4,167E-4	101,870	4,04	
22,400	-0,286	-0,016	0,017	-0,0068	-3,750E-4	4,167E-4	101,896	4,04	
22,450	-0,287	-0,010	0,035	-0,0069	-2,500E-4	8,333E-4	101,875	4,04	
22,500	-0,287	-0,010	0,017	-0,0069	-2,500E-4	4,167E-4	101,861	4,04	61,8
22,550	-0,287	-0,010	6,245E-16	-0,0069	-2,500E-4	1,014E-16	101,901	4,04	
22,600	-0,289	-0,010	0,000	-0,0069	-2,500E-4	5,746E-17	101,890	4,03	
22,650	-0,289	-0,010	-6,245E-16	-0,0069	-2,500E-4	-4,337E-17	101,881	4,04	
22,700	-0,289	-0,010	-6,245E-16	-0,0069	-2,500E-4	-7,264E-17	101,901	4,04	
22,750	-0,291	-0,010	6,245E-16	-0,0069	-2,500E-4	1,464E-17	101,907	4,04	
22,800	-0,291	-0,010	6,245E-16	-0,0069	-2,500E-4	1,019E-16	101,903	4,05	
22,850	-0,291	-0,010	0,000	-0,0069	-2,500E-4	2,873E-17	101,857	4,05	
22,900	-0,292	-0,010	-6,245E-16	-0,0070	-2,500E-4	-7,264E-17	101,899	4,04	
22,950	-0,292	-0,010	-0,017	-0,0070	-2,500E-4	-4,167E-4	101,899	4,05	
23,000	-0,292	-0,010	-0,035	-0,0070	-2,500E-4	-8,333E-4	101,875	4,05	61,8
23,050	-0,294	-0,016	-0,017	-0,0070	-3,750E-4	-4,167E-4	101,881	4,05	
23,100	-0,294	-0,016	0,017	-0,0070	-3,750E-4	4,167E-4	101,888	4,04	
23,150	-0,295	-0,010	0,035	-0,0071	-2,500E-4	8,333E-4	101,916	4,05	
23,200	-0,295	-0,010	0,017	-0,0071	-2,500E-4	4,167E-4	101,907	4,05	
23,250	-0,295	-0,010	0,017	-0,0071	-2,500E-4	4,167E-4	101,886	4,04	
23,300	-0,297	-0,010	0,035	-0,0071	-2,500E-4	8,333E-4	101,905	4,05	
23,350	-0,297	-0,005	0,017	-0,0071	-1,250E-4	4,167E-4	101,886	4,04	
23,400	-0,297	-0,005	-0,017	-0,0071	-1,250E-4	-4,167E-4	101,907	4,05	
23,450	-0,297	-0,010	-0,035	-0,0071	-2,500E-4	-8,333E-4	101,890	4,05	
23,500	-0,298	-0,010	-0,017	-0,0071	-2,500E-4	-4,167E-4	101,927	4,05	61,8
23,550	-0,298	-0,010	6,245E-16	-0,0071	-2,500E-4	4,337E-17	101,899	4,05	
23,600	-0,298	-0,010	0,000	-0,0071	-2,500E-4	-2,873E-17	101,901	4,05	
23,650	-0,300	-0,010	-6,245E-16	-0,0072	-2,500E-4	-1,014E-16	101,886	4,05	
23,700	-0,300	-0,010	-6,245E-16	-0,0072	-2,500E-4	-4,391E-17	101,896	4,05	
23,750	-0,300	-0,010	6,245E-16	-0,0072	-2,500E-4	1,014E-16	101,910	4,05	
23,800	-0,302	-0,010	6,245E-16	-0,0072	-2,500E-4	7,264E-17	101,894	4,05	
23,850	-0,302	-0,010	0,000	-0,0072	-2,500E-4	-2,873E-17	101,912	4,06	
23,900	-0,302	-0,010	-6,245E-16	-0,0072	-2,500E-4	-7,264E-17	101,912	4,05	
23,950	-0,303	-0,010	-6,245E-16	-0,0072	-2,500E-4	-1,464E-17	101,886	4,04	
24,000	-0,303	-0,010	6,245E-16	-0,0072	-2,500E-4	1,019E-16	101,888	4,05	61,8
24,050	-0,303	-0,010	0,017	-0,0072	-2,500E-4	4,167E-4	101,912	4,05	
24,100	-0,305	-0,010	0,035	-0,0073	-2,500E-4	8,333E-4	101,859	4,06	
24,150	-0,305	-0,005	0,017	-0,0073	-1,250E-4	4,167E-4	101,907	4,06	
24,200	-0,305	-0,005	-0,017	-0,0073	-1,250E-4	-4,167E-4	101,903	4,05	
24,250	-0,305	-0,010	-0,017	-0,0073	-2,500E-4	-4,167E-4	101,879	4,06	
24,300	-0,306	-0,010	0,017	-0,0073	-2,500E-4	4,167E-4	101,910	4,05	
24,350	-0,306	-0,005	0,017	-0,0073	-1,250E-4	4,167E-4	101,866	4,05	
24,400	-0,306	-0,005	-0,017	-0,0073	-1,250E-4	-4,167E-4	101,905	4,06	
24,450	-0,306	-0,010	-0,017	-0,0073	-2,500E-4	-4,167E-4	101,881	4,06	
24,500	-0,308	-0,010	0,017	-0,0074	-2,500E-4	4,167E-4	101,881	4,06	61,8
24,550	-0,308	-0,005	0,017	-0,0074	-1,250E-4	4,167E-4	101,875	4,06	
24,600	-0,308	-0,005	-0,035	-0,0074	-1,250E-4	-8,333E-4	101,870	4,06	
24,650	-0,308	-0,010	-0,070	-0,0074	-2,500E-4	-0,002	101,861	4,06	
24,700	-0,309	-0,016	-0,035	-0,0074	-3,750E-4	-8,333E-4	101,875	4,06	
24,750	-0,309	-0,016	0,035	-0,0074	-3,750E-4	8,333E-4	101,905	4,06	
24,800	-0,311	-0,010	0,070	-0,0074	-2,500E-4	0,002	101,872	4,05	
24,850	-0,311	-0,005	0,035	-0,0074	-1,250E-4	8,333E-4	101,879	4,06	
24,900	-0,311	-0,005	-0,017	-0,0074	-1,250E-4	-4,167E-4	101,886	4,06	
24,950	-0,311	-0,010	-0,035	-0,0074	-2,500E-4	-8,333E-4	101,890	4,06	
25,000	-0,313	-0,010	-0,017	-0,0075	-2,500E-4	-4,167E-4	101,907	4,05	61,8
25,050	-0,313	-0,010	6,245E-16	-0,0075	-2,500E-4	-1,409E-17	101,883	4,07	
25,100	-0,313	-0,010	0,000	-0,0075	-2,500E-4	8,674E-17	101,912	4,06	
25,150	-0,314	-0,010	-6,245E-16	-0,0075	-2,500E-4	4,283E-17	101,872	4,06	
25,200	-0,314	-0,010	-6,245E-16	-0,0075	-2,500E-4	-4,337E-17	101,907	4,07	
25,250	-0,314	-0,010	6,245E-16	-0,0075	-2,500E-4	-4,283E-17	101,899	4,06	
25,300	-0,316	-0,010	6,245E-16	-0,0075	-2,500E-4	1,464E-17	101,872	4,06	
25,350	-0,316	-0,010	0,000	-0,0075	-2,500E-4	8,674E-17	101,870	4,07	
25,400	-0,316	-0,010	0,017	-0,0075	-2,500E-4	4,167E-4	101,892	4,06	
25,450	-0,317	-0,010	0,035	-0,0076	-2,500E-4	8,333E-4	101,894	4,06	
25,500	-0,317	-0,005	0,017	-0,0076	-1,250E-4	4,167E-4	101,905	4,08	61,8
25,550	-0,317	-0,005	-0,035	-0,0076	-1,250E-4	-8,333E-4	101,894	4,06	
25,600	-0,317	-0,010	-0,070	-0,0076	-2,500E-4	-0,002	101,896	4,06	
25,650	-0,319	-0,016	-0,035	-0,0076	-3,750E-4	-8,333E-4	101,894	4,06	
25,700	-0,319	-0,016	0,035	-0,0076	-3,750E-4	8,333E-4	101,894	4,07	
25,750	-0,320	-0,010	0,070	-0,0077	-2,500E-4	0,002	101,931	4,07	
25,800	-0,320	-0,005	0,035	-0,0077	-1,250E-4	8,333E-4	101,912	4,07	
25,850	-0,320	-0,005	-0,017	-0,0077	-1,250E-4	-4,167E-4	101,861	4,07	
25,900	-0,320	-0,010	-0,017	-0,0077	-2,500E-4	-4,167E-4	101,918	4,07	
25,950	-0,322	-0,010	0,017	-0,0077	-2,500E-4	4,167E-4	101,899	4,07	
26,000	-0,322	-0,005	0,017	-0,0077	-1,250E-4	4,167E-4	101,942	4,07	61,8
26,050	-0,322	-0,005	-0,017	-0,0077	-1,250E-4	-4,167E-4	101,910	4,07	
26,100	-0,322	-0,010	-0,035	-0,0077	-2,500E-4	-8,333E-4	101,881	4,07	
26,150	-0,324	-0,010	-0,017	-0,0077	-2,500E-4	-4,167E-4	101,896	4,07	
26,200	-0,324	-0,010	-6,245E-16	-0,0077	-2,500E-4	1,409E-17	101,901	4,07	
26,250	-0,324	-0,010	6,245E-16	-0,0077	-2,500E-4	-1,409E-17	101,916	4,07	
26,300	-0,325	-0,010	6,245E-16	-0,0078	-2,500E-4	-7,210E-17	101,899	4,07	
26,350	-0,325	-0,010	0,000	-0,0078	-2,500E-4	-2,873E-17	101,931	4,07	
26,400	-0,325	-0,010	0,017	-0,0078	-2,500E-4	4,167E-4	101,931	4,07	
26,450	-0,327	-0,010	0,035	-0,0078	-2,500E-4	8,333E-4	101,892	4,07	
26,500	-0,327	-0,005	0,017	-0,0078	-1,250E-4	4,167E-4	101,886	4,07	61,8
26,550	-0,327	-0,005	-0,017	-0,0078	-1,250E-4	-4,167E-4	101,925	4,07	
26,600	-0,327	-0,010	-0,035	-0,0078	-2,500E-4	-8,333E-4	101,870	4,07	
26,650	-0,328	-0,010	-0,017	-0,0078	-2,500E-4	-4,167E-4	101,901	4,07	
26,700	-0,328	-0,010	-6,245E-16	-0,0078	-2,500E-4	-1,518E-17	101,890	4,08	
26,750	-0,328	-0,010	6,245E-16	-0,0078	-2,500E-4	1,518E-17	101,894	4,07	
26,800	-0,330	-0,010	6,245E-16	-0,0079	-2,500E-4	1,518E-17	101,896	4,07	
26,850	-0,330	-0,010	0,000	-0,0079	-2,500E-4	0,000	101,881	4,07	
26,900	-0,330	-0,010	-6,245E-16	-0,0079	-2,500E-4	-1,518E-17	101,883	4,07	
26,950	-0,331	-0,010	-6,245E-16	-0,0079	-2,500E-4	-1,518E-17	101,934	4,08	
27,000	-0,331	-0,010	6,245E-16	-0,0079	-2,500E-4	1,518E-17	101,901	4,07	61,8
27,050	-0,331	-0,010	0,017	-0,0079	-2,500E-4	4,167E-4	101,886	4,07	
27,100	-0,333	-0,010	0,052	-0,0080	-2,500E-4	0,001	101,888	4,07	
27,150	-0,333	-0,005	0,070	-0,0080	-1,250E-4	0,002	101,905	4,06	
27,200	-0,333	0,000	0,052	-0,0080	0,000	0,001	101,910	4,07	
27,250	-0,333	0,000	-1,542E-15	-0,0080	0,000	7,454E-18	101,886	4,07	
27,300	-0,333	0,000	-0,052	-0,0080	0,000	-0,001	101,927	4,07	
27,350	-0,333	-0,005	-0,070	-0,0080	-1,250E-4	-0,002	101,914	4,07	
27,400	-0,333	-0,010	-0,035	-0,0080	-2,500E-4	-8,333E-4	101,844	4,07	
27,450	-0,335	-0,010	0,035	-0,0080	-2,500E-4	8,333E-4	101,888	4,07	
27,500	-0,335	-0,005	0,070	-0,0080	-1,250E-4	0,002	101,901	4,08	61,8
27,550	-0,335	0,000	0,017	-0,0080	0,000	4,167E-4	101,914	4,07	
27,600	-0,335	0,000	-0,087	-0,0080	0,000	-0,002	101,888	4,07	
27,650	-0,335	-0,010	-0,140	-0,0080	-2,500E-4	-0,003	101,905	4,08	
27,700	-0,335	-0,021	-0,070	-0,0080	-5,000E-4	-0,002	101,861	4,07	
27,750	-0,338	-0,021	0,070	-0,0081	-5,000E-4	0,002	101,918	4,07	
27,800	-0,338	-0,010	0,122	-0,0081	-2,500E-4	0,003	101,951	4,08	
27,850	-0,338	0,000	0,052	-0,0081	0,000	0,001	101,940	4,07	
27,900	-0,338	-0,005	-0,035	-0,0081	-1,250E-4	-8,333E-4	101,901	4,09	
27,950	-0,338	-0,010	-0,035	-0,0081	-2,500E-4	-8,333E-4	101,947	4,07	
28,000	-0,339	-0,010	0,035	-0,0081	-2,500E-4	8,333E-4	101,916	4,07	61,8
28,050	-0,339	-0,005	0,070	-0,0081	-1,250E-4	0,002	101,929	4,07	
28,100	-0,339	0,000	0,052	-0,0081	0,000	0,001	101,949	4,07	
28,150	-0,339	0,000	0,017	-0,0081	0,000	4,167E-4	101,894	4,07	
28,200	-0,339	0,000	0,000	-0,0081	0,000	0,000	101,907	4,08	
28,250	-0,339	0,000	0,000	-0,0081	0,000	0,000	101,925	4,08	
28,300	-0,339	0,000	0,000	-0,0081	0,000	0,000	101,916	4,07	
28,350	-0,339	0,000	0,000	-0,0081	0,000	0,000	101,923	4,08	
28,400	-0,339	0,000	-0,017	-0,0081	0,000	-4,167E-4	101,914	4,07	
28,450	-0,339	0,000	-0,052	-0,0081	0,000	-0,001	101,888	4,08	
28,500	-0,339	-0,005	-0,070	-0,0081	-1,250E-4	-0,002	101,896	4,08	61,8
28,550	-0,339	-0,010	-0,035	-0,0081	-2,500E-4	-8,333E-4	101,918	4,07	
28,600	-0,341	-0,010	0,035	-0,0081	-2,500E-4	8,333E-4	101,894	4,08	
28,650	-0,341	-0,005	0,070	-0,0081	-1,250E-4	0,002	101,914	4,07	
28,700	-0,341	0,000	0,070	-0,0081	0,000	0,002	101,916	4,08	
28,750	-0,341	0,000	0,140	-0,0081	0,000	0,003	101,870	4,07	
28,800	-0,341	0,005	0,419	-0,0081	1,250E-4	0,010	101,916	4,08	
28,850	-0,341	0,031	0,873	-0,0081	7,500E-4	0,021	101,964	4,07	
28,900	-0,339	0,094	1,239	-0,0081	0,002	0,030	102,058	4,08	
28,950	-0,333	0,173	1,292	-0,0080	0,004	0,031	102,041	4,07	
29,000	-0,320	0,236	1,082	-0,0077	0,006	0,026	101,990	4,07	61,8
29,050	-0,308	0,278	0,873	-0,0074	0,007	0,021	102,056	4,07	
29,100	-0,294	0,314	0,750	-0,0070	0,007	0,018	102,049	4,07	
29,150	-0,276	0,356	0,611	-0,0066	0,009	0,015	102,030	4,08	
29,200	-0,258	0,382	0,401	-0,0062	0,009	0,010	102,049	4,08	
29,250	-0,237	0,393	0,227	-0,0057	0,009	0,005	102,039	4,08	
29,300	-0,218	0,398	0,192	-0,0052	0,010	0,005	102,030	4,07	
29,350	-0,198	0,408	0,244	-0,0047	0,010	0,006	102,056	4,07	
29,400	-0,178	0,424	0,314	-0,0042	0,010	0,008	102,058	4,08	
29,450	-0,156	0,440	0,367	-0,0037	0,011	0,009	102,039	4,08	
29,500	-0,134	0,461	0,384	-0,0032	0,011	0,009	102,054	4,08	61,8
29,550	-0,110	0,482	0,332	-0,0026	0,012	0,008	102,122	4,08	
29,600	-0,085	0,497	0,209	-0,0020	0,012	0,005	102,126	4,08	
29,650	-0,060	0,503	0,087	-0,0014	0,012	0,002	102,124	4,07	
29,700	-0,035	0,503	2,887E-14	-8,2500E-4	0,012	7,286E-16	102,052	4,07	
29,750	-0,009	0,503	-0,052	-2,2500E-4	0,012	-0,001	102,135	4,07	
29,800	0,016	0,497	-0,105	3,7500E-4	0,012	-0,003	102,126	4,07	
29,850	0,041	0,492	-0,175	9,7500E-4	0,012	-0,004	102,137	4,07	
29,900	0,064	0,482	-0,244	0,0015	0,012	-0,006	102,159	4,07	
29,950	0,090	0,466	-0,279	0,0021	0,011	-0,007	102,132	4,08	
30,000	0,112	0,450	-0,244	0,0027	0,011	-0,006	102,115	4,07	61,8
30,050	0,134	0,440	-0,192	0,0032	0,011	-0,005	102,152	4,07	
30,100	0,156	0,435	-0,157	0,0037	0,010	-0,004	102,165	4,07	
30,150	0,178	0,424	-0,105	0,0042	0,010	-0,002	102,124	4,07	
30,200	0,198	0,419	2,665E-14	0,0047	0,010	5,551E-16	102,154	4,07	
30,250	0,218	0,424	0,105	0,0052	0,010	0,002	102,159	4,07	
30,300	0,240	0,435	0,122	0,0057	0,010	0,003	102,178	4,07	
30,350	0,262	0,440	0,035	0,0063	0,010	8,333E-4	102,191	4,07	
30,400	0,284	0,440	-0,105	0,0068	0,011	-0,002	102,200	4,07	
30,450	0,306	0,429	-0,227	0,0073	0,010	-0,005	102,172	4,07	
30,500	0,328	0,414	-0,297	0,0078	0,010	-0,007	102,167	4,08	61,8
30,550	0,347	0,398	-0,297	0,0083	0,010	-0,007	102,185	4,07	
30,600	0,368	0,382	-0,262	0,0088	0,009	-0,006	102,172	4,06	
30,650	0,386	0,372	-0,209	0,0092	0,009	-0,005	102,178	4,07	
30,700	0,404	0,361	-0,175	0,0096	0,009	-0,004	102,194	4,07	
30,750	0,423	0,356	-0,192	0,0101	0,009	-0,005	102,157	4,07	
30,800	0,440	0,346	-0,209	0,0105	0,008	-0,005	102,157	4,07	
30,850	0,457	0,330	-0,175	0,0109	0,008	-0,004	102,176	4,07	
30,900	0,473	0,325	-0,105	0,0113	0,008	-0,002	102,194	4,07	
30,950	0,489	0,325	-0,105	0,0117	0,008	-0,002	102,163	4,07	
31,000	0,506	0,319	-0,192	0,0121	0,008	-0,005	102,157	4,07	61,8
31,050	0,522	0,304	-0,244	0,0124	0,007	-0,006	102,159	4,06	
31,100	0,536	0,288	-0,209	0,0128	0,007	-0,005	102,157	4,07	
31,150	0,550	0,283	-0,157	0,0131	0,007	-0,004	102,150	4,07	
31,200	0,564	0,278	-0,157	0,0135	0,007	-0,004	102,128	4,07	
31,250	0,578	0,267	-0,175	0,0138	0,006	-0,004	102,178	4,07	
31,300	0,591	0,257	-0,140	0,0141	0,006	-0,003	102,146	4,07	
31,350	0,603	0,251	-0,087	0,0144	0,006	-0,002	102,135	4,07	
31,400	0,616	0,251	-0,087	0,0147	0,006	-0,002	102,165	4,06	
31,450	0,628	0,246	-0,140	0,0150	0,006	-0,003	102,115	4,07	
31,500	0,641	0,236	-0,175	0,0153	0,006	-0,004	102,146	4,07	61,8
31,550	0,652	0,225	-0,157	0,0156	0,005	-0,004	102,150	4,07	
31,600	0,663	0,220	-0,140	0,0158	0,005	-0,003	102,143	4,06	
31,650	0,674	0,215	-0,140	0,0161	0,005	-0,003	102,150	4,08	
31,700	0,685	0,204	-0,122	0,0163	0,005	-0,003	102,172	4,06	
31,750	0,694	0,199	-0,087	0,0166	0,005	-0,002	102,165	4,07	
31,800	0,704	0,199	-0,087	0,0168	0,005	-0,002	102,176	4,06	
31,850	0,715	0,194	-0,140	0,0171	0,005	-0,003	102,170	4,07	
31,900	0,724	0,183	-0,175	0,0173	0,004	-0,004	102,119	4,07	
31,950	0,732	0,173	-0,175	0,0175	0,004	-0,004	102,143	4,07	
32,000	0,741	0,168	-0,175	0,0177	0,004	-0,004	102,146	4,06	61,8
32,050	0,749	0,157	-0,175	0,0179	0,004	-0,004	102,089	4,07	
32,100	0,757	0,147	-0,140	0,0181	0,003	-0,003	102,113	4,07	
32,150	0,763	0,141	-0,070	0,0182	0,003	-0,002	102,102	4,07	
32,200	0,771	0,141	-0,035	0,0184	0,003	-8,333E-4	102,152	4,06	
32,250	0,778	0,141	-0,052	0,0186	0,003	-0,001	102,141	4,07	
32,300	0,785	0,136	-0,105	0,0187	0,003	-0,002	102,117	4,07	
32,350	0,792	0,131	-0,140	0,0189	0,003	-0,003	102,111	4,07	
32,400	0,798	0,120	-0,122	0,0190	0,003	-0,003	102,113	4,07	
32,450	0,804	0,115	-0,052	0,0192	0,003	-0,001	102,104	4,07	
32,500	0,809	0,115	0,017	0,0193	0,003	4,167E-4	102,091	4,07	61,7
32,550	0,815	0,120	1,305E-14	0,0195	0,003	6,592E-16	102,132	4,07	
32,600	0,822	0,120	-0,070	0,0196	0,003	-0,002	102,122	4,07	
32,650	0,828	0,110	-0,105	0,0198	0,003	-0,003	102,139	4,07	
32,700	0,833	0,105	-0,070	0,0199	0,002	-0,002	102,100	4,07	
32,750	0,837	0,105	-0,035	0,0200	0,003	-8,333E-4	102,132	4,07	
32,800	0,844	0,105	-0,052	0,0201	0,003	-0,001	102,115	4,06	
32,850	0,848	0,099	-0,070	0,0202	0,002	-0,002	102,095	4,07	
32,900	0,853	0,094	-0,052	0,0204	0,002	-0,001	102,076	4,06	
32,950	0,858	0,094	-0,017	0,0205	0,002	-4,167E-4	102,130	4,07	
33,000	0,862	0,094	-0,017	0,0206	0,002	-4,167E-4	102,102	4,07	61,7
33,050	0,867	0,094	-0,052	0,0207	0,002	-0,001	102,089	4,07	
33,100	0,872	0,089	-0,070	0,0208	0,002	-0,002	102,082	4,07	
33,150	0,877	0,084	-0,052	0,0209	0,002	-0,001	102,100	4,07	
33,200	0,880	0,084	-0,035	0,0210	0,002	-8,333E-4	102,069	4,07	
33,250	0,884	0,084	-0,052	0,0211	0,002	-0,001	102,098	4,08	
33,300	0,889	0,079	-0,070	0,0212	0,002	-0,002	102,093	4,07	
33,350	0,892	0,073	-0,052	0,0213	0,002	-0,001	102,082	4,07	
33,400	0,895	0,073	-0,035	0,0214	0,002	-8,333E-4	102,089	4,07	
33,450	0,900	0,073	-0,052	0,0215	0,002	-0,001	102,076	4,07	
33,500	0,903	0,068	-0,070	0,0216	0,002	-0,002	102,102	4,08	61,7
33,550	0,906	0,063	-0,052	0,0216	0,002	-0,001	102,106	4,07	
33,600	0,909	0,063	-0,017	0,0217	0,001	-4,167E-4	102,087	4,07	
33,650	0,913	0,063	-7,494E-15	0,0218	0,002	-1,756E-16	102,095	4,08	
33,700	0,916	0,063	0,000	0,0219	0,001	0,000	102,078	4,07	
33,750	0,919	0,063	-0,017	0,0219	0,001	-4,167E-4	102,098	4,07	
33,800	0,922	0,063	-0,052	0,0220	0,002	-0,001	102,060	4,07	
33,850	0,925	0,058	-0,070	0,0221	0,001	-0,002	102,076	4,08	
33,900	0,928	0,052	-0,035	0,0222	0,001	-8,333E-4	102,063	4,07	
33,950	0,930	0,052	0,017	0,0222	0,001	4,167E-4	102,084	4,07	
34,000	0,933	0,058	0,017	0,0223	0,001	4,167E-4	102,091	4,08	61,7
34,050	0,936	0,058	-0,035	0,0223	0,001	-8,333E-4	102,082	4,08	
34,100	0,939	0,052	-0,070	0,0224	0,001	-0,002	102,126	4,07	
34,150	0,941	0,047	-0,052	0,0225	0,001	-0,001	102,104	4,08	
34,200	0,944	0,047	-0,017	0,0225	0,001	-4,167E-4	102,087	4,07	
34,250	0,946	0,047	-3,678E-15	0,0226	0,001	-2,168E-18	102,102	4,08	
34,300	0,949	0,047	1,291E-14	0,0226	0,001	4,814E-16	102,115	4,08	
34,350	0,950	0,047	7,355E-15	0,0227	0,001	2,320E-16	102,063	4,07	
34,400	0,953	0,047	-5,551E-15	0,0228	0,001	-3,643E-16	102,093	4,07	
34,450	0,955	0,047	3,747E-15	0,0228	0,001	-3,469E-16	102,063	4,07	
34,500	0,958	0,047	-0,017	0,0229	0,001	-4,167E-4	102,108	4,08	61,7
34,550	0,960	0,047	-0,035	0,0229	0,001	-8,333E-4	102,045	4,08	
34,600	0,963	0,042	-0,035	0,0230	1,000E-3	-8,333E-4	102,082	4,08	
34,650	0,964	0,042	9,159E-15	0,0230	1,000E-3	-1,344E-16	102,069	4,08	
34,700	0,966	0,042	0,035	0,0231	1,000E-3	8,333E-4	102,108	4,07	
34,750	0,969	0,047	0,017	0,0231	0,001	4,167E-4	102,087	4,07	
34,800	0,971	0,047	-0,035	0,0232	0,001	-8,333E-4	102,100	4,08	
34,850	0,974	0,042	-0,070	0,0232	1,000E-3	-0,002	102,076	4,08	
34,900	0,975	0,037	-0,035	0,0233	8,750E-4	-8,333E-4	102,108	4,08	
34,950	0,977	0,037	0,017	0,0233	8,750E-4	4,167E-4	102,065	4,07	
35,000	0,979	0,042	0,017	0,0234	1,000E-3	4,167E-4	102,073	4,08	61,7
35,050	0,982	0,042	-0,035	0,0234	0,001	-8,333E-4	102,067	4,08	
35,100	0,983	0,037	-0,070	0,0235	8,750E-4	-0,002	102,073	4,08	
35,150	0,985	0,031	-0,052	0,0235	7,500E-4	-0,001	102,100	4,07	
35,200	0,986	0,031	-0,017	0,0235	7,500E-4	-4,167E-4	102,108	4,08	
35,250	0,988	0,031	3,747E-15	0,0236	7,500E-4	0,000	102,063	4,08	
35,300	0,990	0,031	7,425E-15	0,0236	7,500E-4	-2,819E-17	102,054	4,08	
35,350	0,991	0,031	-7,425E-15	0,0237	7,500E-4	1,160E-16	102,102	4,08	
35,400	0,993	0,031	-1,478E-14	0,0237	7,500E-4	2,819E-17	102,067	4,08	
35,450	0,994	0,031	3,678E-15	0,0237	7,500E-4	-2,320E-16	102,069	4,09	
35,500	0,996	0,031	1,478E-14	0,0238	7,500E-4	-3,469E-16	102,063	4,09	61,7
35,550	0,997	0,031	2,595E-14	0,0238	7,500E-4	2,038E-16	102,076	4,08	
35,600	0,999	0,031	1,853E-14	0,0238	7,500E-4	3,469E-16	102,091	4,08	
35,650	1,001	0,031	-0,017	0,0239	7,500E-4	-4,167E-4	102,084	4,08	
35,700	1,002	0,031	-0,052	0,0239	7,500E-4	-0,001	102,091	4,08	
35,750	1,004	0,026	-0,070	0,0240	6,250E-4	-0,002	102,060	4,08	
35,800	1,005	0,021	-0,035	0,0240	5,000E-4	-8,333E-4	102,117	4,09	
35,850	1,005	0,021	0,017	0,0240	5,000E-4	4,167E-4	102,034	4,08	
35,900	1,007	0,026	0,017	0,0240	6,250E-4	4,167E-4	102,084	4,09	
35,950	1,008	0,026	-0,017	0,0241	6,250E-4	-4,167E-4	102,102	4,08	
36,000	1,010	0,021	-0,035	0,0241	5,000E-4	-8,333E-4	102,065	4,09	61,7
36,050	1,010	0,021	-0,017	0,0241	5,000E-4	-4,167E-4	102,047	4,08	
36,100	1,012	0,021	2,220E-14	0,0241	5,000E-4	2,320E-16	102,082	4,08	
36,150	1,013	0,021	0,017	0,0242	5,000E-4	4,167E-4	102,100	4,08	
36,200	1,013	0,021	0,035	0,0242	5,000E-4	8,333E-4	102,078	4,09	
36,250	1,015	0,026	0,017	0,0242	6,250E-4	4,167E-4	102,071	4,09	
36,300	1,016	0,026	-0,035	0,0243	6,250E-4	-8,333E-4	102,054	4,09	
36,350	1,018	0,021	-0,070	0,0243	5,000E-4	-0,002	102,093	4,08	
36,400	1,018	0,016	-0,052	0,0243	3,750E-4	-0,001	102,067	4,09	
36,450	1,019	0,016	-0,017	0,0243	3,750E-4	-4,167E-4	102,078	4,08	
36,500	1,019	0,016	-7,425E-15	0,0243	3,750E-4	-5,784E-16	102,082	4,09	61,7
36,550	1,021	0,016	-2,037E-14	0,0244	3,750E-4	-3,025E-16	102,067	4,09	
36,600	1,021	0,016	-1,478E-14	0,0244	3,750E-4	1,160E-16	102,073	4,10	
36,650	1,023	0,016	-0,017	0,0244	3,750E-4	-4,167E-4	102,067	4,09	
36,700	1,023	0,016	-0,035	0,0244	3,750E-4	-8,333E-4	102,067	4,09	
36,750	1,024	0,010	-0,035	0,0244	2,500E-4	-8,333E-4	102,067	4,10	
36,800	1,024	0,010	-0,017	0,0244	2,500E-4	-4,167E-4	102,034	4,09	
36,850	1,024	0,010	-0,017	0,0244	2,500E-4	-4,167E-4	102,089	4,10	
36,900	1,026	0,010	-0,035	0,0245	2,500E-4	-8,333E-4	102,060	4,10	
36,950	1,026	0,005	-0,017	0,0245	1,250E-4	-4,167E-4	102,082	4,09	
37,000	1,026	0,005	0,017	0,0245	1,250E-4	4,167E-4	102,071	4,09	61,7
37,050	1,026	0,010	0,017	0,0245	2,500E-4	4,167E-4	102,060	4,10	
37,100	1,027	0,010	-0,035	0,0245	2,500E-4	-8,333E-4	102,056	4,10	
37,150	1,027	0,005	-0,070	0,0245	1,250E-4	-0,002	102,041	4,10	
37,200	1,027	0,000	-0,052	0,0245	0,000	-0,001	102,067	4,09	
37,250	1,027	0,000	-0,017	0,0245	0,000	-4,167E-4	102,060	4,10	
37,300	1,027	0,000	0,000	0,0245	0,000	0,000	102,041	4,10	
37,350	1,027	0,000	0,000	0,0245	0,000	0,000	102,080	4,10	
37,400	1,027	0,000	0,000	0,0245	0,000	0,000	102,076	4,09	
37,450	1,027	0,000	0,017	0,0245	0,000	4,167E-4	102,093	4,10	
37,500	1,027	0,000	0,052	0,0245	0,000	0,001	102,056	4,09	61,7
37,550	1,027	0,005	0,070	0,0245	1,250E-4	0,002	102,060	4,10	
37,600	1,027	0,010	0,035	0,0245	2,500E-4	8,333E-4	102,045	4,09	
37,650	1,029	0,010	-0,035	0,0246	2,500E-4	-8,333E-4	102,058	4,10	
37,700	1,029	0,005	-0,070	0,0246	1,250E-4	-0,002	102,041	4,10	
37,750	1,029	0,000	-0,052	0,0246	0,000	-0,001	102,060	4,10	
37,800	1,029	0,000	-0,017	0,0246	0,000	-4,167E-4	102,052	4,10	
37,850	1,029	0,000	0,000	0,0246	0,000	0,000	102,091	4,10	
37,900	1,029	0,000	0,000	0,0246	0,000	0,000	102,056	4,10	
37,950	1,029	0,000	0,000	0,0246	0,000	0,000	102,058	4,10	
38,000	1,029	0,000	0,000	0,0246	0,000	0,000	102,089	4,10	61,7
38,050	1,029	0,000	0,000	0,0246	0,000	0,000	102,036	4,11	
38,100	1,029	0,000	0,000	0,0246	0,000	0,000	102,021	4,11	
38,150	1,029	0,000	0,000	0,0246	0,000	0,000	102,023	4,10	
38,200	1,029	0,000	0,000	0,0246	0,000	0,000	102,047	4,11	
38,250	1,029	0,000	0,000	0,0246	0,000	0,000	102,043	4,10	
38,300	1,029	0,000	0,000	0,0246	0,000	0,000	102,058	4,10	
38,350	1,029	0,000	0,000	0,0246	0,000	0,000	102,032	4,11	
38,400	1,029	0,000	0,000	0,0246	0,000	0,000	102,056	4,11	
38,450	1,029	0,000	0,000	0,0246	0,000	0,000	102,054	4,11	
38,500	1,029	0,000	0,000	0,0246	0,000	0,000	102,049	4,10	61,7
38,550	1,029	0,000	0,000	0,0246	0,000	0,000	102,060	4,10	
38,600	1,029	0,000	0,000	0,0246	0,000	0,000	102,078	4,11	
38,650	1,029	0,000	0,000	0,0246	0,000	0,000	102,052	4,10	
38,700	1,029	0,000	0,017	0,0246	0,000	4,167E-4	102,058	4,10	
38,750	1,029	0,000	0,052	0,0246	0,000	0,001	102,060	4,12	
38,800	1,029	0,005	0,070	0,0246	1,250E-4	0,002	102,067	4,11	
38,850	1,029	0,010	0,035	0,0246	2,500E-4	8,333E-4	102,067	4,11	
38,900	1,030	0,010	-0,017	0,0246	2,500E-4	-4,167E-4	102,098	4,12	
38,950	1,030	0,005	-0,017	0,0246	1,250E-4	-4,167E-4	102,098	4,12	
39,000	1,030	0,005	0,017	0,0246	1,250E-4	4,167E-4	102,078	4,11	61,7
39,050	1,030	0,010	0,017	0,0246	2,500E-4	4,167E-4	102,071	4,11	
39,100	1,032	0,010	-0,035	0,0246	2,500E-4	-8,333E-4	102,076	4,11	
39,150	1,032	0,005	-0,052	0,0246	1,250E-4	-0,001	102,060	4,12	
39,200	1,032	0,000	7,399E-15	0,0246	0,000	0,000	102,082	4,12	
39,250	1,032	0,005	0,052	0,0246	1,250E-4	0,001	102,087	4,12	
39,300	1,032	0,010	0,035	0,0246	2,500E-4	8,333E-4	102,073	4,11	
39,350	1,034	0,010	-0,035	0,0247	2,500E-4	-8,333E-4	102,080	4,12	
39,400	1,034	0,005	-0,052	0,0247	1,250E-4	-0,001	102,058	4,11	
39,450	1,034	0,000	7,399E-15	0,0247	0,000	0,000	102,076	4,12	
39,500	1,034	0,005	0,052	0,0247	1,250E-4	0,001	102,078	4,12	61,7
39,550	1,034	0,010	0,035	0,0247	2,500E-4	8,333E-4	102,091	4,11	
39,600	1,035	0,010	-0,035	0,0247	2,500E-4	-8,333E-4	102,065	4,11	
39,650	1,035	0,005	-0,070	0,0247	1,250E-4	-0,002	102,056	4,12	
39,700	1,035	0,000	-0,052	0,0247	0,000	-0,001	102,091	4,12	
39,750	1,035	0,000	-8,023E-15	0,0247	0,000	-1,304E-16	102,060	4,12	
39,800	1,035	0,000	0,052	0,0247	0,000	0,001	102,087	4,12	
39,850	1,035	0,005	0,070	0,0247	1,250E-4	0,002	102,069	4,12	
39,900	1,035	0,010	0,035	0,0247	2,500E-4	8,333E-4	102,071	4,11	
39,950	1,037	0,010	-0,035	0,0247	2,500E-4	-8,333E-4	102,036	4,12	
40,000	1,037	0,005	-0,070	0,0247	1,250E-4	-0,002	102,071	4,11	61,7
40,050	1,037	0,000	-0,052	0,0247	0,000	-0,001	102,045	4,12	
40,100	1,037	0,000	-0,017	0,0247	0,000	-4,167E-4	102,054	4,12	
40,150	1,037	0,000	0,000	0,0247	0,000	0,000	102,045	4,12	
40,200	1,037	0,000	0,000	0,0247	0,000	0,000	102,076	4,12	
40,250	1,037	0,000	0,000	0,0247	0,000	0,000	102,060	4,12	
40,300	1,037	0,000	0,000	0,0247	0,000	0,000	102,047	4,12	
40,350	1,037	0,000	0,000	0,0247	0,000	0,000	102,069	4,12	
40,400	1,037	0,000	0,000	0,0247	0,000	0,000	102,080	4,12	
40,450	1,037	0,000	0,000	0,0247	0,000	0,000	102,032	4,12	
40,500	1,037	0,000	0,000	0,0247	0,000	0,000	102,084	4,13	61,7
40,550	1,037	0,000	0,017	0,0247	0,000	4,167E-4	102,087	4,12	
40,600	1,037	0,000	0,052	0,0247	0,000	0,001	102,056	4,13	
40,650	1,037	0,005	0,070	0,0247	1,250E-4	0,002	102,028	4,12	
40,700	1,037	0,010	0,035	0,0247	2,500E-4	8,333E-4	102,076	4,13	
40,750	1,038	0,010	-0,035	0,0248	2,500E-4	-8,333E-4	102,076	4,13	
40,800	1,038	0,005	-0,070	0,0248	1,250E-4	-0,002	102,093	4,12	
40,850	1,038	0,000	-0,052	0,0248	0,000	-0,001	102,087	4,13	
40,900	1,038	0,000	-0,017	0,0248	0,000	-4,167E-4	102,063	4,13	
40,950	1,038	0,000	0,000	0,0248	0,000	0,000	102,054	4,13	
41,000	1,038	0,000	0,000	0,0248	0,000	0,000	102,082	4,13	61,6
41,050	1,038	0,000	0,000	0,0248	0,000	0,000	102,076	4,13	
41,100	1,038	0,000	0,000	0,0248	0,000	0,000	102,052	4,13	
41,150	1,038	0,000	0,000	0,0248	0,000	0,000	102,047	4,13	
41,200	1,038	0,000	0,000	0,0248	0,000	0,000	102,060	4,13	
41,250	1,038	0,000	0,000	0,0248	0,000	0,000	102,052	4,13	
41,300	1,038	0,000	0,000	0,0248	0,000	0,000	102,045	4,13	
41,350	1,038	0,000	0,000	0,0248	0,000	0,000	102,087	4,13	
41,400	1,038	0,000	0,000	0,0248	0,000	0,000	102,063	4,13	
41,450	1,038	0,000	0,000	0,0248	0,000	0,000	102,054	4,13	
41,500	1,038	0,000	0,000	0,0248	0,000	0,000	102,063	4,13	61,6
41,550	1,038	0,000	0,000	0,0248	0,000	0,000	102,058	4,13	
41,600	1,038	0,000	0,000	0,0248	0,000	0,000	102,104	4,13	
41,650	1,038	0,000	0,000	0,0248	0,000	0,000	102,067	4,13	
41,700	1,038	0,000	0,000	0,0248	0,000	0,000	102,056	4,13	
41,750	1,038	0,000	0,000	0,0248	0,000	0,000	102,054	4,13	
41,800	1,038	0,000	0,000	0,0248	0,000	0,000	102,056	4,14	
41,850	1,038	0,000	0,000	0,0248	0,000	0,000	102,052	4,14	
41,900	1,038	0,000	0,000	0,0248	0,000	0,000	102,054	4,14	
41,950	1,038	0,000	0,000	0,0248	0,000	0,000	102,043	4,13	
42,000	1,038	0,000	0,000	0,0248	0,000	0,000	102,060	4,13	61,6
42,050	1,038	0,000	0,000	0,0248	0,000	0,000	102,060	4,13	
42,100	1,038	0,000	0,000	0,0248	0,000	0,000	102,047	4,14	
42,150	1,038	0,000	0,000	0,0248	0,000	0,000	102,043	4,14	
42,200	1,038	0,000	0,000	0,0248	0,000	0,000	102,030	4,13	
42,250	1,038	0,000	0,000	0,0248	0,000	0,000	102,034	4,14	
42,300	1,038	0,000	0,000	0,0248	0,000	0,000	102,021	4,13	
42,350	1,038	0,000	0,000	0,0248	0,000	0,000	102,023	4,13	
42,400	1,038	0,000	0,000	0,0248	0,000	0,000	102,019	4,14	
42,450	1,038	0,000	0,000	0,0248	0,000	0,000	102,019	4,14	
42,500	1,038	0,000	0,000	0,0248	0,000	0,000	102,006	4,14	61,6
42,550	1,038	0,000	0,000	0,0248	0,000	0,000	102,001	4,14	
42,600	1,038	0,000	0,000	0,0248	0,000	0,000	101,993	4,14	
42,650	1,038	0,000	0,000	0,0248	0,000	0,000	102,041	4,14	
42,700	1,038	0,000	0,000	0,0248	0,000	0,000	102,023	4,13	
42,750	1,038	0,000	0,000	0,0248	0,000	0,000	101,986	4,14	
42,800	1,038	0,000	0,000	0,0248	0,000	0,000	102,023	4,14	
42,850	1,038	0,000	0,000	0,0248	0,000	0,000	101,973	4,15	
42,900	1,038	0,000	0,000	0,0248	0,000	0,000	101,984	4,14	
42,950	1,038	0,000	0,000	0,0248	0,000	0,000	101,986	4,15	
43,000	1,038	0,000	0,000	0,0248	0,000	0,000	101,982	4,15	61,6
43,050	1,038	0,000	0,000	0,0248	0,000	0,000	101,962	4,14	
43,100	1,038	0,000	0,000	0,0248	0,000	0,000	101,936	4,15	
43,150	1,038	0,000	0,000	0,0248	0,000	0,000	101,934	4,15	
43,200	1,038	0,000	-0,017	0,0248	0,000	-4,167E-4	101,953	4,14	
43,250	1,038	0,000	-0,070	0,0248	0,000	-0,002	101,936	4,15	
43,300	1,038	-0,005	-0,122	0,0248	-1,250E-4	-0,003	101,923	4,15	
43,350	1,038	-0,016	-0,105	0,0248	-3,750E-4	-0,003	101,947	4,15	
43,400	1,037	-0,021	-8,032E-15	0,0247	-5,000E-4	-2,467E-16	101,947	4,15	
43,450	1,035	-0,016	0,105	0,0247	-3,750E-4	0,002	101,912	4,15	
43,500	1,035	-0,005	0,122	0,0247	-1,250E-4	0,003	101,962	4,15	61,6
43,550	1,035	0,000	0,070	0,0247	0,000	0,002	101,949	4,15	
43,600	1,035	0,000	-0,017	0,0247	0,000	-4,167E-4	101,918	4,15	
43,650	1,035	0,000	-0,105	0,0247	0,000	-0,003	101,916	4,15	
43,700	1,035	-0,010	-0,140	0,0247	-2,500E-4	-0,003	101,864	4,15	
43,750	1,035	-0,021	-0,070	0,0247	-5,000E-4	-0,002	101,910	4,15	
43,800	1,032	-0,021	0,070	0,0246	-5,000E-4	0,002	101,958	4,15	
43,850	1,032	-0,010	0,140	0,0246	-2,500E-4	0,003	101,969	4,15	
43,900	1,032	0,000	0,070	0,0246	0,000	0,002	101,936	4,15	
43,950	1,032	0,000	-0,105	0,0246	0,000	-0,002	101,936	4,15	
44,000	1,032	-0,010	-0,244	0,0246	-2,500E-4	-0,006	101,990	4,15	61,6
44,050	1,032	-0,031	-0,209	0,0246	-7,500E-4	-0,005	101,962	4,15	
44,100	1,029	-0,042	-2,498E-15	0,0246	-1,000E-3	-1,756E-16	101,949	4,16	
44,150	1,026	-0,031	0,209	0,0245	-7,500E-4	0,005	101,988	4,15	
44,200	1,026	-0,010	0,244	0,0245	-2,500E-4	0,006	101,982	4,16	
44,250	1,026	0,000	0,140	0,0245	0,000	0,003	101,969	4,16	
44,300	1,026	0,000	0,087	0,0245	0,000	0,002	101,964	4,15	
44,350	1,026	0,000	0,297	0,0245	0,000	0,007	101,966	4,16	
44,400	1,026	0,016	1,030	0,0245	3,750E-4	0,025	101,947	4,16	
44,450	1,026	0,073	2,374	0,0245	0,002	0,057	101,964	4,15	
44,500	1,030	0,236	3,543	0,0246	0,006	0,085	101,881	4,16	61,6
44,550	1,043	0,492	3,281	0,0249	0,012	0,078	101,671	4,15	
44,600	1,079	0,660	1,082	0,0258	0,016	0,026	101,184	4,16	
44,650	1,125	0,634	-1,257	0,0268	0,015	-0,030	100,587	4,17	
44,700	1,147	0,419	-1,745	0,0274	0,010	-0,042	100,316	4,16	
44,750	1,166	0,356	-0,855	0,0278	0,009	-0,020	100,122	4,16	
44,800	1,164	0,414	-0,576	0,0278	0,010	-0,014	100,122	4,16	
44,850	1,214	0,382	-1,745	0,0290	0,009	-0,042	99,733	4,16	
44,900	1,222	0,220	-2,566	0,0292	0,005	-0,061	99,554	4,16	
44,950	1,222	0,026	-2,007	0,0292	6,250E-4	-0,048	99,619	4,17	
45,000	1,222	0,000	-0,820	0,0292	0,000	-0,020	99,615	4,16	61,5
45,050	1,222	0,000	-0,087	0,0292	0,000	-0,002	99,630	4,17	
45,100	1,222	0,000	0,017	0,0292	0,000	4,167E-4	99,652	4,16	
45,150	1,222	0,000	0,052	0,0292	0,000	0,001	99,658	4,16	
45,200	1,222	0,005	0,087	0,0292	1,250E-4	0,002	99,658	4,16	
45,250	1,222	0,010	0,087	0,0292	2,500E-4	0,002	99,669	4,17	
45,300	1,224	0,016	0,052	0,0292	3,750E-4	0,001	99,672	4,16	
45,350	1,224	0,016	0,035	0,0292	3,750E-4	8,333E-4	99,700	4,17	
45,400	1,225	0,016	0,035	0,0292	3,750E-4	8,333E-4	99,669	4,17	
45,450	1,225	0,021	0,017	0,0292	5,000E-4	4,167E-4	99,652	4,17	
45,500	1,227	0,021	-0,035	0,0293	5,000E-4	-8,333E-4	99,707	4,17	61,5
45,550	1,228	0,016	-0,052	0,0293	3,750E-4	-0,001	99,663	4,17	
45,600	1,228	0,010	6,800E-15	0,0293	2,500E-4	-1,409E-17	99,667	4,17	
45,650	1,228	0,016	0,035	0,0293	3,750E-4	8,333E-4	99,683	4,17	
45,700	1,230	0,021	-7,425E-15	0,0294	5,000E-4	-1,166E-16	99,687	4,17	
45,750	1,232	0,016	-0,052	0,0294	3,750E-4	-0,001	99,643	4,17	
45,800	1,232	0,010	-0,035	0,0294	2,500E-4	-8,333E-4	99,669	4,17	
45,850	1,232	0,010	0,017	0,0294	2,500E-4	4,167E-4	99,680	4,17	
45,900	1,233	0,016	0,052	0,0294	3,750E-4	0,001	99,674	4,17	
45,950	1,233	0,016	0,070	0,0294	3,750E-4	0,002	99,672	4,17	
46,000	1,235	0,021	0,052	0,0295	5,000E-4	0,001	99,680	4,17	61,5
46,050	1,235	0,026	-0,017	0,0295	6,250E-4	-4,167E-4	99,715	4,17	
46,100	1,238	0,021	-0,105	0,0295	5,000E-4	-0,002	99,650	4,17	
46,150	1,238	0,010	-0,105	0,0295	2,500E-4	-0,003	99,658	4,17	
46,200	1,238	0,005	-0,017	0,0295	1,250E-4	-4,167E-4	99,639	4,17	
46,250	1,238	0,010	0,052	0,0295	2,500E-4	0,001	99,700	4,18	
46,300	1,239	0,016	0,052	0,0296	3,750E-4	0,001	99,711	4,17	
46,350	1,239	0,016	0,017	0,0296	3,750E-4	4,167E-4	99,702	4,18	
46,400	1,241	0,016	-0,017	0,0296	3,750E-4	-4,167E-4	99,698	4,17	
46,450	1,241	0,016	-0,052	0,0296	3,750E-4	-0,001	99,667	4,18	
46,500	1,243	0,010	-0,070	0,0297	2,500E-4	-0,002	99,674	4,18	61,5
46,550	1,243	0,005	-0,035	0,0297	1,250E-4	-8,333E-4	99,654	4,18	
46,600	1,243	0,005	0,017	0,0297	1,250E-4	4,167E-4	99,672	4,17	
46,650	1,243	0,010	0,035	0,0297	2,500E-4	8,333E-4	99,702	4,18	
46,700	1,244	0,010	0,017	0,0297	2,500E-4	4,167E-4	99,680	4,18	
46,750	1,244	0,010	6,158E-15	0,0297	2,500E-4	4,331E-16	99,683	4,18	
46,800	1,244	0,010	1,480E-14	0,0297	2,500E-4	3,469E-16	99,669	4,18	
46,850	1,246	0,010	7,425E-15	0,0297	2,500E-4	0,000	99,691	4,18	
46,900	1,246	0,010	-6,176E-15	0,0297	2,500E-4	-3,171E-16	99,683	4,18	
46,950	1,246	0,010	-0,017	0,0297	2,500E-4	-4,167E-4	99,661	4,18	
47,000	1,247	0,010	-0,035	0,0298	2,500E-4	-8,333E-4	99,652	4,18	61,5
47,050	1,247	0,005	-0,017	0,0298	1,250E-4	-4,167E-4	99,650	4,18	
47,100	1,247	0,005	0,017	0,0298	1,250E-4	4,167E-4	99,680	4,19	
47,150	1,247	0,010	0,017	0,0298	2,500E-4	4,167E-4	99,709	4,18	
47,200	1,249	0,010	-0,017	0,0298	2,500E-4	-4,167E-4	99,693	4,18	
47,250	1,249	0,005	-0,017	0,0298	1,250E-4	-4,167E-4	99,665	4,18	
47,300	1,249	0,005	0,017	0,0298	1,250E-4	4,167E-4	99,669	4,18	
47,350	1,249	0,010	0,017	0,0298	2,500E-4	4,167E-4	99,658	4,17	
47,400	1,250	0,010	-0,017	0,0298	2,500E-4	-4,167E-4	99,691	4,18	
47,450	1,250	0,005	-0,017	0,0298	1,250E-4	-4,167E-4	99,669	4,18	
47,500	1,250	0,005	0,017	0,0298	1,250E-4	4,167E-4	99,702	4,18	61,5
47,550	1,250	0,010	0,017	0,0298	2,500E-4	4,167E-4	99,683	4,18	
47,600	1,252	0,010	-0,017	0,0299	2,500E-4	-4,167E-4	99,658	4,19	
47,650	1,252	0,005	-0,017	0,0299	1,250E-4	-4,167E-4	99,691	4,19	
47,700	1,252	0,005	0,017	0,0299	1,250E-4	4,167E-4	99,678	4,19	
47,750	1,252	0,010	0,035	0,0299	2,500E-4	8,333E-4	99,683	4,18	
47,800	1,253	0,010	0,017	0,0299	2,500E-4	4,167E-4	99,672	4,18	
47,850	1,253	0,010	7,425E-15	0,0299	2,500E-4	1,155E-16	99,711	4,19	
47,900	1,253	0,010	-6,176E-15	0,0299	2,500E-4	1,453E-16	99,691	4,19	
47,950	1,255	0,010	-1,480E-14	0,0300	2,500E-4	-1,155E-16	99,698	4,18	
48,000	1,255	0,010	-8,656E-15	0,0300	2,500E-4	-2,608E-16	99,672	4,18	61,5
48,050	1,255	0,010	-0,017	0,0300	2,500E-4	-4,167E-4	99,665	4,19	
48,100	1,257	0,010	-0,052	0,0300	2,500E-4	-0,001	99,674	4,19	
48,150	1,257	0,005	-0,070	0,0300	1,250E-4	-0,002	99,678	4,18	
48,200	1,257	0,000	-0,052	0,0300	0,000	-0,001	99,678	4,18	
48,250	1,257	0,000	-0,017	0,0300	0,000	-4,167E-4	99,680	4,19	
48,300	1,257	0,000	0,000	0,0300	0,000	0,000	99,678	4,19	
48,350	1,257	0,000	0,000	0,0300	0,000	0,000	99,661	4,19	
48,400	1,257	0,000	0,000	0,0300	0,000	0,000	99,669	4,19	
48,450	1,257	0,000	0,000	0,0300	0,000	0,000	99,674	4,19	
48,500	1,257	0,000	0,000	0,0300	0,000	0,000	99,661	4,19	61,4
48,550	1,257	0,000	0,000	0,0300	0,000	0,000	99,650	4,19	
48,600	1,257	0,000	0,000	0,0300	0,000	0,000	99,641	4,19	
48,650	1,257	0,000	0,000	0,0300	0,000	0,000	99,645	4,19	
48,700	1,257	0,000	0,000	0,0300	0,000	0,000	99,665	4,19	
48,750	1,257	0,000	0,000	0,0300	0,000	0,000	99,648	4,20	
48,800	1,257	0,000	0,000	0,0300	0,000	0,000	99,669	4,19	
48,850	1,257	0,000	0,000	0,0300	0,000	0,000	99,676	4,19	
48,900	1,257	0,000	0,000	0,0300	0,000	0,000	99,672	4,19	
48,950	1,257	0,000	0,000	0,0300	0,000	0,000	99,689	4,19	
49,000	1,257	0,000	0,000	0,0300	0,000	0,000	99,665	4,19	61,4
49,050	1,257	0,000	0,000	0,0300	0,000	0,000	99,634	4,19	
49,100	1,257	0,000	0,000	0,0300	0,000	0,000	99,687	4,19	
49,150	1,257	0,000	0,000	0,0300	0,000	0,000	99,661	4,19	
49,200	1,257	0,000	0,017	0,0300	0,000	4,167E-4	99,672	4,20	
49,250	1,257	0,000	0,052	0,0300	0,000	0,001	99,667	4,20	
49,300	1,257	0,005	0,070	0,0300	1,250E-4	0,002	99,680	4,21	
49,350	1,257	0,010	0,035	0,0300	2,500E-4	8,333E-4	99,683	4,19	
49,400	1,258	0,010	-0,017	0,0300	2,500E-4	-4,167E-4	99,661	4,19	
49,450	1,258	0,005	-0,017	0,0300	1,250E-4	-4,167E-4	99,665	4,20	
49,500	1,258	0,005	0,017	0,0300	1,250E-4	4,167E-4	99,704	4,20	61,3
49,550	1,258	0,010	0,035	0,0300	2,500E-4	8,333E-4	99,678	4,20	
49,600	1,260	0,010	0,017	0,0301	2,500E-4	4,167E-4	99,674	4,20	
49,650	1,260	0,010	8,639E-15	0,0301	2,500E-4	2,982E-17	99,661	4,20	
49,700	1,260	0,010	-7,407E-15	0,0301	2,500E-4	2,309E-16	99,674	4,20	
49,750	1,261	0,010	-1,606E-14	0,0301	2,500E-4	8,565E-17	99,678	4,20	
49,800	1,261	0,010	-7,390E-15	0,0301	2,500E-4	1,160E-16	99,713	4,20	
49,850	1,261	0,010	3,469E-17	0,0301	2,500E-4	2,315E-16	99,687	4,20	
49,900	1,263	0,010	1,214E-15	0,0301	2,500E-4	1,453E-16	99,667	4,21	
49,950	1,263	0,010	7,390E-15	0,0301	2,500E-4	-2,315E-16	99,691	4,21	
50,000	1,263	0,010	-0,017	0,0301	2,500E-4	-4,167E-4	99,711	4,20	61,3
50,050	1,264	0,010	-0,035	0,0302	2,500E-4	-8,333E-4	99,667	4,20	
50,100	1,264	0,005	-0,017	0,0302	1,250E-4	-4,167E-4	99,678	4,21	
50,150	1,264	0,005	0,017	0,0302	1,250E-4	4,167E-4	99,656	4,20	
50,200	1,264	0,010	0,017	0,0302	2,500E-4	4,167E-4	99,687	4,20	
50,250	1,266	0,010	-0,035	0,0302	2,500E-4	-8,333E-4	99,687	4,21	
50,300	1,266	0,005	-0,052	0,0302	1,250E-4	-0,001	99,715	4,20	
50,350	1,266	0,000	6,774E-15	0,0302	0,000	1,008E-16	99,674	4,20	
50,400	1,266	0,005	0,052	0,0302	1,250E-4	0,001	99,676	4,20	
50,450	1,266	0,010	0,035	0,0302	2,500E-4	8,333E-4	99,680	4,21	
50,500	1,268	0,010	-0,035	0,0303	2,500E-4	-8,333E-4	99,656	4,21	61,3
50,550	1,268	0,005	-0,070	0,0303	1,250E-4	-0,002	99,689	4,21	
50,600	1,268	0,000	-0,052	0,0303	0,000	-0,001	99,702	4,20	
50,650	1,268	0,000	8,023E-15	0,0303	0,000	1,484E-17	99,685	4,21	
50,700	1,268	0,000	0,052	0,0303	0,000	0,001	99,658	4,21	
50,750	1,268	0,005	0,070	0,0303	1,250E-4	0,002	99,661	4,21	
50,800	1,268	0,010	0,035	0,0303	2,500E-4	8,333E-4	99,676	4,21	
50,850	1,269	0,010	-0,035	0,0303	2,500E-4	-8,333E-4	99,676	4,21	
50,900	1,269	0,005	-0,070	0,0303	1,250E-4	-0,002	99,689	4,21	
50,950	1,269	0,000	-0,052	0,0303	0,000	-0,001	99,641	4,21	
51,000	1,269	0,000	-0,017	0,0303	0,000	-4,167E-4	99,691	4,21	61,2
51,050	1,269	0,000	0,000	0,0303	0,000	0,000	99,648	4,20	
51,100	1,269	0,000	0,000	0,0303	0,000	0,000	99,711	4,21	
51,150	1,269	0,000	0,000	0,0303	0,000	0,000	99,683	4,21	
51,200	1,269	0,000	0,000	0,0303	0,000	0,000	99,689	4,21	
51,250	1,269	0,000	0,000	0,0303	0,000	0,000	99,722	4,22	
51,300	1,269	0,000	0,000	0,0303	0,000	0,000	99,715	4,22	
51,350	1,269	0,000	0,000	0,0303	0,000	0,000	99,667	4,21	
51,400	1,269	0,000	0,000	0,0303	0,000	0,000	99,700	4,22	
51,450	1,269	0,000	0,000	0,0303	0,000	0,000	99,693	4,21	
51,500	1,269	0,000	0,000	0,0303	0,000	0,000	99,717	4,21	61,2
51,550	1,269	0,000	0,000	0,0303	0,000	0,000	99,702	4,21	
51,600	1,269	0,000	0,000	0,0303	0,000	0,000	99,667	4,22	
51,650	1,269	0,000	0,000	0,0303	0,000	0,000	99,702	4,21	
51,700	1,269	0,000	0,000	0,0303	0,000	0,000	99,680	4,21	
51,750	1,269	0,000	0,000	0,0303	0,000	0,000	99,674	4,22	
51,800	1,269	0,000	0,000	0,0303	0,000	0,000	99,687	4,22	
51,850	1,269	0,000	0,000	0,0303	0,000	0,000	99,691	4,21	
51,900	1,269	0,000	0,000	0,0303	0,000	0,000	99,674	4,22	
51,950	1,269	0,000	0,000	0,0303	0,000	0,000	99,685	4,22	
52,000	1,269	0,000	0,000	0,0303	0,000	0,000	99,709	4,21	61,2
52,050	1,269	0,000	0,000	0,0303	0,000	0,000	99,669	4,22	
52,100	1,269	0,000	0,000	0,0303	0,000	0,000	99,689	4,22	
52,150	1,269	0,000	0,000	0,0303	0,000	0,000	99,696	4,21	
52,200	1,269	0,000	0,000	0,0303	0,000	0,000	99,683	4,21	
52,250	1,269	0,000	0,000	0,0303	0,000	0,000	99,634	4,21	
52,300	1,269	0,000	0,000	0,0303	0,000	0,000	99,645	4,22	
52,350	1,269	0,000	0,000	0,0303	0,000	0,000	99,676	4,22	
52,400	1,269	0,000	0,000	0,0303	0,000	0,000	99,641	4,22	
52,450	1,269	0,000	0,000	0,0303	0,000	0,000	99,645	4,22	
52,500	1,269	0,000	0,000	0,0303	0,000	0,000	99,656	4,22	61,2
52,550	1,269	0,000	0,000	0,0303	0,000	0,000	99,613	4,22	
52,600	1,269	0,000	0,000	0,0303	0,000	0,000	99,643	4,22	
52,650	1,269	0,000	0,000	0,0303	0,000	0,000	99,623	4,22	
52,700	1,269	0,000	0,000	0,0303	0,000	0,000	99,591	4,22	
52,750	1,269	0,000	0,000	0,0303	0,000	0,000	99,617	4,22	
52,800	1,269	0,000	0,000	0,0303	0,000	0,000	99,615	4,23	
52,850	1,269	0,000	0,000	0,0303	0,000	0,000	99,606	4,22	
52,900	1,269	0,000	0,000	0,0303	0,000	0,000	99,593	4,23	
52,950	1,269	0,000	0,000	0,0303	0,000	0,000	99,599	4,22	
53,000	1,269	0,000	0,000	0,0303	0,000	0,000	99,589	4,22	61,2
53,050	1,269	0,000	0,000	0,0303	0,000	0,000	99,584	4,23	
53,100	1,269	0,000	0,000	0,0303	0,000	0,000	99,575	4,22	
53,150	1,269	0,000	0,000	0,0303	0,000	0,000	99,562	4,22	
53,200	1,269	0,000	0,000	0,0303	0,000	0,000	99,558	4,22	
53,250	1,269	0,000	0,000	0,0303	0,000	0,000	99,556	4,22	
53,300	1,269	0,000	0,000	0,0303	0,000	0,000	99,567	4,22	
53,350	1,269	0,000	0,000	0,0303	0,000	0,000	99,547	4,23	
53,400	1,269	0,000	0,000	0,0303	0,000	0,000	99,549	4,22	
53,450	1,269	0,000	0,000	0,0303	0,000	0,000	99,554	4,24	
53,500	1,269	0,000	0,000	0,0303	0,000	0,000	99,562	4,22	61,1
53,550	1,269	0,000	0,000	0,0303	0,000	0,000	99,521	4,23	
53,600	1,269	0,000	0,000	0,0303	0,000	0,000	99,505	4,23	
53,650	1,269	0,000	0,000	0,0303	0,000	0,000	99,540	4,22	
53,700	1,269	0,000	0,000	0,0303	0,000	0,000	99,508	4,23	
53,750	1,269	0,000	0,000	0,0303	0,000	0,000	99,519	4,23	
53,800	1,269	0,000	0,000	0,0303	0,000	0,000	99,490	4,23	
53,850	1,269	0,000	0,000	0,0303	0,000	0,000	99,499	4,23	
53,900	1,269	0,000	0,000	0,0303	0,000	0,000	99,497	4,23	
53,950	1,269	0,000	0,000	0,0303	0,000	0,000	99,510	4,23	
54,000	1,269	0,000	0,000	0,0303	0,000	0,000	99,516	4,23	61,1
54,050	1,269	0,000	0,000	0,0303	0,000	0,000	99,514	4,23	
54,100	1,269	0,000	0,000	0,0303	0,000	0,000	99,497	4,23	
54,150	1,269	0,000	0,000	0,0303	0,000	0,000	99,505	4,23	
54,200	1,269	0,000	0,000	0,0303	0,000	0,000	99,501	4,23	
54,250	1,269	0,000	0,000	0,0303	0,000	0,000	99,538	4,23	
54,300	1,269	0,000	0,000	0,0303	0,000	0,000	99,501	4,23	
54,350	1,269	0,000	0,000	0,0303	0,000	0,000	99,519	4,24	
54,400	1,269	0,000	0,000	0,0303	0,000	0,000	99,523	4,24	
54,450	1,269	0,000	0,000	0,0303	0,000	0,000	99,514	4,23	
54,500	1,269	0,000	0,000	0,0303	0,000	0,000	99,521	4,23	61,1
54,550	1,269	0,000	0,000	0,0303	0,000	0,000	99,538	4,23	
54,600	1,269	0,000	0,000	0,0303	0,000	0,000	99,497	4,23	
54,650	1,269	0,000	0,000	0,0303	0,000	0,000	99,545	4,23	
54,700	1,269	0,000	0,000	0,0303	0,000	0,000	99,551	4,24	
54,750	1,269	0,000	0,000	0,0303	0,000	0,000	99,540	4,24	
54,800	1,269	0,000	0,000	0,0303	0,000	0,000	99,534	4,24	
54,850	1,269	0,000	0,000	0,0303	0,000	0,000	99,543	4,24	
54,900	1,269	0,000	0,000	0,0303	0,000	0,000	99,567	4,24	
54,950	1,269	0,000	0,000	0,0303	0,000	0,000	99,538	4,24	
55,000	1,269	0,000	0,000	0,0303	0,000	0,000	99,562	4,24	61,1
55,050	1,269	0,000	0,000	0,0303	0,000	0,000	99,554	4,24	
55,100	1,269	0,000	0,000	0,0303	0,000	0,000	99,582	4,24	
55,150	1,269	0,000	0,000	0,0303	0,000	0,000	99,551	4,23	
55,200	1,269	0,000	0,000	0,0303	0,000	0,000	99,536	4,24	
55,250	1,269	0,000	0,000	0,0303	0,000	0,000	99,554	4,24	
55,300	1,269	0,000	0,000	0,0303	0,000	0,000	99,558	4,25	
55,350	1,269	0,000	0,000	0,0303	0,000	0,000	99,532	4,24	
55,400	1,269	0,000	0,000	0,0303	0,000	0,000	99,573	4,24	
55,450	1,269	0,000	0,000	0,0303	0,000	0,000	99,573	4,24	
55,500	1,269	0,000	0,000	0,0303	0,000	0,000	99,560	4,24	61,1
55,550	1,269	0,000	0,000	0,0303	0,000	0,000	99,571	4,25	
55,600	1,269	0,000	0,000	0,0303	0,000	0,000	99,582	4,24	
55,650	1,269	0,000	0,000	0,0303	0,000	0,000	99,571	4,24	
55,700	1,269	0,000	0,000	0,0303	0,000	0,000	99,556	4,24	
55,750	1,269	0,000	0,000	0,0303	0,000	0,000	99,589	4,24	
55,800	1,269	0,000	0,000	0,0303	0,000	0,000	99,578	4,25	
55,850	1,269	0,000	0,000	0,0303	0,000	0,000	99,571	4,24	
55,900	1,269	0,000	0,000	0,0303	0,000	0,000	99,571	4,25	
55,950	1,269	0,000	0,000	0,0303	0,000	0,000	99,586	4,25	
56,000	1,269	0,000	0,000	0,0303	0,000	0,000	99,580	4,25	61,1
56,050	1,269	0,000	0,000	0,0303	0,000	0,000	99,560	4,24	
56,100	1,269	0,000	0,000	0,0303	0,000	0,000	99,632	4,24	
56,150	1,269	0,000	0,000	0,0303	0,000	0,000	99,604	4,24	
56,200	1,269	0,000	0,000	0,0303	0,000	0,000	99,595	4,25	
56,250	1,269	0,000	0,000	0,0303	0,000	0,000	99,591	4,24	
56,300	1,269	0,000	0,000	0,0303	0,000	0,000	99,551	4,25	
56,350	1,269	0,000	0,000	0,0303	0,000	0,000	99,599	4,25	
56,400	1,269	0,000	0,000	0,0303	0,000	0,000	99,591	4,25	
56,450	1,269	0,000	0,000	0,0303	0,000	0,000	99,610	4,25	
56,500	1,269	0,000	0,000	0,0303	0,000	0,000	99,619	4,24	61,1
56,550	1,269	0,000	0,000	0,0303	0,000	0,000	99,597	4,25	
56,600	1,269	0,000	0,000	0,0303	0,000	0,000	99,578	4,25	
56,650	1,269	0,000	0,000	0,0303	0,000	0,000	99,610	4,25	
56,700	1,269	0,000	0,000	0,0303	0,000	0,000	99,556	4,25	
56,750	1,269	0,000	0,000	0,0303	0,000	0,000	99,593	4,25	
56,800	1,269	0,000	0,000	0,0303	0,000	0,000	99,591	4,25	
56,850	1,269	0,000	0,000	0,0303	0,000	0,000	99,589	4,25	
56,900	1,269	0,000	0,000	0,0303	0,000	0,000	99,560	4,25	
56,950	1,269	0,000	0,000	0,0303	0,000	0,000	99,582	4,25	
57,000	1,269	0,000	0,000	0,0303	0,000	0,000	99,571	4,25	61,1
57,050	1,269	0,000	0,000	0,0303	0,000	0,000	99,556	4,25	
57,100	1,269	0,000	0,000	0,0303	0,000	0,000	99,580	4,25	
57,150	1,269	0,000	0,000	0,0303	0,000	0,000	99,602	4,25	
57,200	1,269	0,000	0,000	0,0303	0,000	0,000	99,564	4,25	
57,250	1,269	0,000	0,000	0,0303	0,000	0,000	99,582	4,25	
57,300	1,269	0,000	0,000	0,0303	0,000	0,000	99,540	4,25	
57,350	1,269	0,000	0,000	0,0303	0,000	0,000	99,608	4,25	
57,400	1,269	0,000	0,000	0,0303	0,000	0,000	99,536	4,25	
57,450	1,269	0,000	0,000	0,0303	0,000	0,000	99,571	4,25	
57,500	1,269	0,000	0,000	0,0303	0,000	0,000	99,543	4,26	61,1
57,550	1,269	0,000	0,000	0,0303	0,000	0,000	99,593	4,26	
57,600	1,269	0,000	0,000	0,0303	0,000	0,000	99,589	4,25	
57,650	1,269	0,000	0,000	0,0303	0,000	0,000	99,610	4,25	
57,700	1,269	0,000	0,000	0,0303	0,000	0,000	99,593	4,26	
57,750	1,269	0,000	0,000	0,0303	0,000	0,000	99,586	4,26	
57,800	1,269	0,000	0,000	0,0303	0,000	0,000	99,549	4,25	
57,850	1,269	0,000	0,000	0,0303	0,000	0,000	99,564	4,25	
57,900	1,269	0,000	0,000	0,0303	0,000	0,000	99,578	4,26	
57,950	1,269	0,000	0,000	0,0303	0,000	0,000	99,575	4,25	
58,000	1,269	0,000	0,000	0,0303	0,000	0,000	99,560	4,25	61,1
58,050	1,269	0,000	0,000	0,0303	0,000	0,000	99,578	4,25	
58,100	1,269	0,000	0,000	0,0303	0,000	0,000	99,575	4,26	
58,150	1,269	0,000	0,000	0,0303	0,000	0,000	99,606	4,26	
58,200	1,269	0,000	0,000	0,0303	0,000	0,000	99,597	4,26	
58,250	1,269	0,000	0,000	0,0303	0,000	0,000	99,615	4,26	
58,300	1,269	0,000	0,000	0,0303	0,000	0,000	99,573	4,26	
58,350	1,269	0,000	0,000	0,0303	0,000	0,000	99,626	4,26	
58,400	1,269	0,000	0,000	0,0303	0,000	0,000	99,656	4,26	
58,450	1,269	0,000	0,000	0,0303	0,000	0,000	99,654	4,26	
58,500	1,269	0,000	0,000	0,0303	0,000	0,000	99,593	4,26	61,1
58,550	1,269	0,000	0,000	0,0303	0,000	0,000	99,634	4,26	
58,600	1,269	0,000	0,000	0,0303	0,000	0,000	99,599	4,27	
58,650	1,269	0,000	0,000	0,0303	0,000	0,000	99,595	4,26	
58,700	1,269	0,000	0,000	0,0303	0,000	0,000	99,617	4,27	
58,750	1,269	0,000	0,000	0,0303	0,000	0,000	99,606	4,27	
58,800	1,269	0,000	0,000	0,0303	0,000	0,000	99,617	4,26	
58,850	1,269	0,000	0,000	0,0303	0,000	0,000	99,610	4,26	
58,900	1,269	0,000	0,000	0,0303	0,000	0,000	99,626	4,26	
58,950	1,269	0,000	0,000	0,0303	0,000	0,000	99,604	4,26	
59,000	1,269	0,000	0,000	0,0303	0,000	0,000	99,632	4,26	61,1
59,050	1,269	0,000	0,000	0,0303	0,000	0,000	99,648	4,27	
59,100	1,269	0,000	0,000	0,0303	0,000	0,000	99,628	4,26	
59,150	1,269	0,000	0,000	0,0303	0,000	0,000	99,687	4,27	
59,200	1,269	0,000	0,000	0,0303	0,000	0,000	99,621	4,26	
59,250	1,269	0,000	0,000	0,0303	0,000	0,000	99,680	4,27	
59,300	1,269	0,000	0,000	0,0303	0,000	0,000	99,617	4,27	
59,350	1,269	0,000	0,000	0,0303	0,000	0,000	99,632	4,26	
59,400	1,269	0,000	0,000	0,0303	0,000	0,000	99,667	4,27	
59,450	1,269	0,000	0,000	0,0303	0,000	0,000	99,696	4,27	
59,500	1,269	0,000	0,000	0,0303	0,000	0,000	99,669	4,26	61,1
59,550	1,269	0,000	0,000	0,0303	0,000	0,000	99,656	4,27	
59,600	1,269	0,000	0,000	0,0303	0,000	0,000	99,656	4,27	
59,650	1,269	0,000	0,000	0,0303	0,000	0,000	99,632	4,27	
59,700	1,269	0,000	0,000	0,0303	0,000	0,000	99,691	4,26	
59,750	1,269	0,000	0,000	0,0303	0,000	0,000	99,667	4,27	
59,800	1,269	0,000	0,000	0,0303	0,000	0,000	99,643	4,27	
59,850	1,269	0,000	0,000	0,0303	0,000	0,000	99,676	4,26	
59,900	1,269	0,000	0,000	0,0303	0,000	0,000	99,715	4,27	
59,950	1,269	0,000	0,000	0,0303	0,000	0,000	99,669	4,26	
60,000	1,269	0,000	0,000	0,0303	0,000	0,000	99,700	4,27	61,1
60,050	1,269	0,000	0,000	0,0303	0,000	0,000	99,637	4,27	
60,100	1,269	0,000	0,000	0,0303	0,000	0,000	99,665	4,27	
60,150	1,269	0,000	0,000	0,0303	0,000	0,000	99,709	4,27	
60,200	1,269	0,000	0,000	0,0303	0,000	0,000	99,674	4,27	
60,250	1,269	0,000	0,000	0,0303	0,000	0,000	99,667	4,27	
60,300	1,269	0,000	0,000	0,0303	0,000	0,000	99,656	4,28	
60,350	1,269	0,000	0,000	0,0303	0,000	0,000	99,683	4,28	
60,400	1,269	0,000	0,000	0,0303	0,000	0,000	99,683	4,27	
60,450	1,269	0,000	0,000	0,0303	0,000	0,000	99,648	4,27	
60,500	1,269	0,000	0,000	0,0303	0,000	0,000	99,700	4,28	61,1
60,550	1,269	0,000	0,000	0,0303	0,000	0,000	99,648	4,28	
60,600	1,269	0,000	0,000	0,0303	0,000	0,000	99,678	4,28	
60,650	1,269	0,000	0,000	0,0303	0,000	0,000	99,700	4,28	
60,700	1,269	0,000	0,000	0,0303	0,000	0,000	99,689	4,27	
60,750	1,269	0,000	0,000	0,0303	0,000	0,000	99,687	4,28	
60,800	1,269	0,000	0,000	0,0303	0,000	0,000	99,663	4,28	
60,850	1,269	0,000	0,000	0,0303	0,000	0,000	99,680	4,27	
60,900	1,269	0,000	0,000	0,0303	0,000	0,000	99,654	4,28	
60,950	1,269	0,000	0,000	0,0303	0,000	0,000	99,656	4,29	
61,000	1,269	0,000	0,000	0,0303	0,000	0,000	99,637	4,27	61,1
61,050	1,269	0,000	0,000	0,0303	0,000	0,000	99,637	4,28	
61,100	1,269	0,000	0,000	0,0303	0,000	0,000	99,619	4,27	
61,150	1,269	0,000	0,000	0,0303	0,000	0,000	99,632	4,28	
61,200	1,269	0,000	0,000	0,0303	0,000	0,000	99,628	4,28	
61,250	1,269	0,000	0,000	0,0303	0,000	0,000	99,641	4,28	
61,300	1,269	0,000	0,000	0,0303	0,000	0,000	99,595	4,28	
61,350	1,269	0,000	0,000	0,0303	0,000	0,000	99,648	4,28	
61,400	1,269	0,000	0,000	0,0303	0,000	0,000	99,648	4,27	
61,450	1,269	0,000	0,000	0,0303	0,000	0,000	99,617	4,28	
61,500	1,269	0,000	0,000	0,0303	0,000	0,000	99,606	4,29	61,1
61,550	1,269	0,000	0,000	0,0303	0,000	0,000	99,591	4,28	
61,600	1,269	0,000	0,000	0,0303	0,000	0,000	99,586	4,28	
61,650	1,269	0,000	0,000	0,0303	0,000	0,000	99,582	4,28	
61,700	1,269	0,000	0,000	0,0303	0,000	0,000	99,584	4,28	
61,750	1,269	0,000	0,000	0,0303	0,000	0,000	99,569	4,28	
61,800	1,269	0,000	0,000	0,0303	0,000	0,000	99,582	4,28	
61,850	1,269	0,000	0,000	0,0303	0,000	0,000	99,573	4,29	
61,900	1,269	0,000	0,000	0,0303	0,000	0,000	99,547	4,28	
61,950	1,269	0,000	0,000	0,0303	0,000	0,000	99,578	4,29	
62,000	1,269	0,000	0,000	0,0303	0,000	0,000	99,492	4,29	61,1
62,050	1,269	0,000	0,000	0,0303	0,000	0,000	99,534	4,28	
62,100	1,269	0,000	0,000	0,0303	0,000	0,000	99,481	4,28	
62,150	1,269	0,000	0,000	0,0303	0,000	0,000	99,530	4,29	
62,200	1,269	0,000	0,000	0,0303	0,000	0,000	99,497	4,29	
62,250	1,269	0,000	-0,017	0,0303	0,000	-4,167E-4	99,486	4,28	
62,300	1,269	0,000	-0,052	0,0303	0,000	-0,001	99,512	4,28	
62,350	1,269	-0,005	-0,087	0,0303	-1,250E-4	-0,002	99,495	4,29	
62,400	1,269	-0,010	-0,087	0,0303	-2,500E-4	-0,002	99,479	4,28	
62,450	1,268	-0,016	-0,035	0,0303	-3,750E-4	-8,333E-4	99,486	4,28	
62,500	1,268	-0,016	0,035	0,0303	-3,750E-4	8,333E-4	99,495	4,29	61,1
62,550	1,266	-0,010	0,070	0,0302	-2,500E-4	0,002	99,499	4,29	
62,600	1,266	-0,005	0,035	0,0302	-1,250E-4	8,333E-4	99,508	4,29	
62,650	1,266	-0,005	-0,017	0,0302	-1,250E-4	-4,167E-4	99,484	4,28	
62,700	1,266	-0,010	-0,035	0,0302	-2,500E-4	-8,333E-4	99,495	4,29	
62,750	1,264	-0,010	-0,017	0,0302	-2,500E-4	-4,167E-4	99,527	4,28	
62,800	1,264	-0,010	-0,017	0,0302	-2,500E-4	-4,167E-4	99,479	4,29	
62,850	1,264	-0,010	-0,035	0,0302	-2,500E-4	-8,333E-4	99,503	4,28	
62,900	1,263	-0,016	-0,017	0,0301	-3,750E-4	-4,167E-4	99,523	4,30	
62,950	1,263	-0,016	0,017	0,0301	-3,750E-4	4,167E-4	99,540	4,29	
63,000	1,261	-0,010	0,017	0,0301	-2,500E-4	4,167E-4	99,514	4,30	61,1
63,050	1,261	-0,010	-0,035	0,0301	-2,500E-4	-8,333E-4	99,534	4,29	
63,100	1,261	-0,016	-0,087	0,0301	-3,750E-4	-0,002	99,466	4,29	
63,150	1,260	-0,021	-0,157	0,0301	-5,000E-4	-0,004	99,499	4,30	
63,200	1,258	-0,026	-0,349	0,0300	-6,250E-4	-0,008	99,490	4,29	
63,250	1,258	-0,047	-0,698	0,0300	-0,001	-0,017	99,466	4,30	
63,300	1,255	-0,094	-1,100	0,0300	-0,002	-0,026	99,501	4,30	
63,350	1,249	-0,162	-1,379	0,0298	-0,004	-0,033	99,508	4,30	
63,400	1,239	-0,241	-1,414	0,0296	-0,006	-0,034	99,477	4,29	
63,450	1,225	-0,314	-1,187	0,0292	-0,007	-0,028	99,422	4,29	
63,500	1,206	-0,367	-0,820	0,0288	-0,009	-0,020	99,427	4,29	61,1
63,550	1,188	-0,393	-0,506	0,0283	-0,009	-0,012	99,444	4,29	
63,600	1,167	-0,408	-0,349	0,0279	-0,010	-0,008	99,409	4,29	
63,650	1,147	-0,424	-0,279	0,0274	-0,010	-0,007	99,425	4,30	
63,700	1,125	-0,440	-0,175	0,0268	-0,010	-0,004	99,438	4,30	
63,750	1,103	-0,445	-0,035	0,0263	-0,011	-8,333E-4	99,440	4,29	
63,800	1,079	-0,440	0,070	0,0258	-0,010	0,002	99,455	4,29	
63,850	1,059	-0,435	0,087	0,0253	-0,010	0,002	99,414	4,29	
63,900	1,037	-0,429	0,070	0,0247	-0,010	0,002	99,427	4,30	
63,950	1,015	-0,429	0,070	0,0242	-0,010	0,002	99,446	4,29	
64,000	0,994	-0,424	0,087	0,0237	-0,010	0,002	99,412	4,30	61,1
64,050	0,972	-0,419	0,105	0,0232	-0,010	0,003	99,420	4,30	
64,100	0,952	-0,414	0,087	0,0227	-0,010	0,002	99,444	4,30	
64,150	0,931	-0,408	0,052	0,0222	-0,010	0,001	99,449	4,30	
64,200	0,911	-0,408	0,035	0,0217	-0,010	8,333E-4	99,462	4,29	
64,250	0,891	-0,408	0,070	0,0213	-0,010	0,002	99,446	4,29	
64,300	0,870	-0,403	0,140	0,0208	-0,010	0,003	99,438	4,30	
64,350	0,850	-0,393	0,175	0,0203	-0,009	0,004	99,414	4,29	
64,400	0,831	-0,382	0,157	0,0198	-0,009	0,004	99,409	4,30	
64,450	0,812	-0,377	0,140	0,0194	-0,009	0,003	99,429	4,30	
64,500	0,793	-0,372	0,157	0,0189	-0,009	0,004	99,385	4,30	61,1
64,550	0,774	-0,361	0,175	0,0185	-0,009	0,004	99,431	4,29	
64,600	0,757	-0,351	0,157	0,0181	-0,008	0,004	99,438	4,30	
64,650	0,740	-0,346	0,140	0,0177	-0,008	0,003	99,416	4,30	
64,700	0,723	-0,340	0,157	0,0172	-0,008	0,004	99,431	4,30	
64,750	0,705	-0,330	0,175	0,0168	-0,008	0,004	99,436	4,30	
64,800	0,690	-0,319	0,157	0,0165	-0,008	0,004	99,422	4,30	
64,850	0,674	-0,314	0,140	0,0161	-0,007	0,003	99,416	4,30	
64,900	0,658	-0,309	0,157	0,0157	-0,007	0,004	99,438	4,30	
64,950	0,642	-0,298	0,175	0,0153	-0,007	0,004	99,403	4,30	
65,000	0,628	-0,288	0,157	0,0150	-0,007	0,004	99,414	4,29	61,1
65,050	0,614	-0,283	0,140	0,0147	-0,007	0,003	99,442	4,30	
65,100	0,600	-0,278	0,140	0,0143	-0,007	0,003	99,436	4,29	
65,150	0,586	-0,267	0,122	0,0140	-0,006	0,003	99,422	4,31	
65,200	0,573	-0,262	0,087	0,0137	-0,006	0,002	99,414	4,30	
65,250	0,561	-0,262	0,087	0,0134	-0,006	0,002	99,416	4,31	
65,300	0,547	-0,257	0,140	0,0130	-0,006	0,003	99,444	4,30	
65,350	0,534	-0,246	0,175	0,0127	-0,006	0,004	99,431	4,30	
65,400	0,523	-0,236	0,157	0,0125	-0,006	0,004	99,433	4,31	
65,450	0,511	-0,230	0,140	0,0122	-0,006	0,003	99,429	4,30	
65,500	0,500	-0,225	0,140	0,0119	-0,005	0,003	99,453	4,30	61,1
65,550	0,489	-0,215	0,140	0,0117	-0,005	0,003	99,422	4,30	
65,600	0,478	-0,209	0,105	0,0114	-0,005	0,002	99,446	4,31	
65,650	0,468	-0,204	0,052	0,0112	-0,005	0,001	99,416	4,30	
65,700	0,457	-0,204	0,035	0,0109	-0,005	8,333E-4	99,433	4,30	
65,750	0,448	-0,204	0,052	0,0107	-0,005	0,001	99,471	4,30	
65,800	0,437	-0,199	0,105	0,0104	-0,005	0,003	99,407	4,30	
65,850	0,427	-0,194	0,140	0,0102	-0,005	0,003	99,405	4,29	
65,900	0,418	-0,183	0,140	0,0100	-0,004	0,003	99,412	4,30	
65,950	0,408	-0,178	0,105	0,0097	-0,004	0,002	99,414	4,30	
66,000	0,401	-0,173	0,052	0,0096	-0,004	0,001	99,433	4,30	61,1
66,050	0,391	-0,173	0,035	0,0093	-0,004	8,333E-4	99,420	4,30	
66,100	0,383	-0,173	0,035	0,0091	-0,004	8,333E-4	99,449	4,30	
66,150	0,374	-0,168	0,035	0,0089	-0,004	8,333E-4	99,438	4,30	
66,200	0,366	-0,168	0,017	0,0087	-0,004	4,167E-4	99,449	4,30	
66,250	0,358	-0,168	0,035	0,0085	-0,004	8,333E-4	99,425	4,30	
66,300	0,349	-0,168	0,105	0,0083	-0,004	0,003	99,427	4,30	
66,350	0,341	-0,157	0,140	0,0081	-0,004	0,003	99,436	4,29	
66,400	0,333	-0,147	0,087	0,0079	-0,003	0,002	99,416	4,29	
66,450	0,327	-0,147	-5,551E-15	0,0078	-0,004	2,602E-17	99,427	4,30	
66,500	0,319	-0,152	-0,017	0,0076	-0,004	-4,167E-4	99,460	4,30	61,1
66,550	0,311	-0,152	0,035	0,0074	-0,004	8,333E-4	99,455	4,29	
66,600	0,303	-0,147	0,070	0,0072	-0,003	0,002	99,501	4,29	
66,650	0,297	-0,141	0,052	0,0071	-0,003	0,001	99,436	4,29	
66,700	0,289	-0,141	0,035	0,0069	-0,003	8,333E-4	99,488	4,29	
66,750	0,283	-0,141	0,052	0,0067	-0,003	0,001	99,479	4,28	
66,800	0,275	-0,136	0,087	0,0066	-0,003	0,002	99,429	4,28	
66,850	0,269	-0,131	0,087	0,0064	-0,003	0,002	99,453	4,29	
66,900	0,262	-0,126	0,052	0,0063	-0,003	0,001	99,460	4,28	
66,950	0,256	-0,126	0,017	0,0061	-0,003	4,167E-4	99,488	4,28	
67,000	0,250	-0,126	0,017	0,0060	-0,003	4,167E-4	99,453	4,28	61,1
67,050	0,243	-0,126	0,052	0,0058	-0,003	0,001	99,473	4,28	
67,100	0,237	-0,120	0,087	0,0057	-0,003	0,002	99,508	4,28	
67,150	0,231	-0,115	0,087	0,0055	-0,003	0,002	99,519	4,28	
67,200	0,226	-0,110	0,052	0,0054	-0,003	0,001	99,499	4,28	
67,250	0,220	-0,110	0,035	0,0052	-0,003	8,333E-4	99,503	4,28	
67,300	0,215	-0,110	0,052	0,0051	-0,003	0,001	99,495	4,27	
67,350	0,209	-0,105	0,087	0,0050	-0,002	0,002	99,464	4,27	
67,400	0,204	-0,099	0,070	0,0049	-0,002	0,002	99,508	4,26	
67,450	0,199	-0,094	0,000	0,0048	-0,002	2,602E-17	99,488	4,27	
67,500	0,195	-0,099	-0,052	0,0046	-0,002	-0,001	99,495	4,27	61,0
67,550	0,190	-0,105	-0,035	0,0045	-0,002	-8,333E-4	99,486	4,27	
67,600	0,184	-0,105	0,017	0,0044	-0,002	4,167E-4	99,549	4,26	
67,650	0,179	-0,099	0,017	0,0043	-0,002	4,167E-4	99,490	4,26	
67,700	0,174	-0,099	-0,017	0,0042	-0,002	-4,167E-4	99,481	4,26	
67,750	0,170	-0,105	-0,017	0,0040	-0,002	-4,167E-4	99,505	4,26	
67,800	0,163	-0,105	0,035	0,0039	-0,002	8,333E-4	99,484	4,26	
67,850	0,159	-0,099	0,070	0,0038	-0,002	0,002	99,551	4,26	
67,900	0,154	-0,094	0,052	0,0037	-0,002	0,001	99,495	4,26	
67,950	0,149	-0,094	0,035	0,0036	-0,002	8,333E-4	99,503	4,26	
68,000	0,145	-0,094	0,052	0,0034	-0,002	0,001	99,527	4,26	61,0
68,050	0,140	-0,089	0,070	0,0033	-0,002	0,002	99,523	4,26	
68,100	0,135	-0,084	0,035	0,0032	-0,002	8,333E-4	99,508	4,26	
68,150	0,132	-0,084	-0,035	0,0031	-0,002	-8,333E-4	99,490	4,26	
68,200	0,127	-0,089	-0,052	0,0030	-0,002	-0,001	99,484	4,27	
68,250	0,123	-0,094	2,109E-14	0,0029	-0,002	5,378E-16	99,488	4,27	
68,300	0,118	-0,089	0,070	0,0028	-0,002	0,002	99,501	4,27	
68,350	0,113	-0,084	0,087	0,0027	-0,002	0,002	99,530	4,27	
68,400	0,110	-0,079	0,035	0,0026	-0,002	8,333E-4	99,516	4,27	
68,450	0,105	-0,079	-0,017	0,0025	-0,002	-4,167E-4	99,536	4,27	
68,500	0,102	-0,084	-0,035	0,0024	-0,002	-8,333E-4	99,505	4,27	61,0
68,550	0,097	-0,084	1,860E-14	0,0023	-0,002	4,467E-16	99,501	4,28	
68,600	0,093	-0,084	0,052	0,0022	-0,002	0,001	99,490	4,29	
68,650	0,090	-0,079	0,070	0,0021	-0,002	0,002	99,543	4,28	
68,700	0,085	-0,073	0,052	0,0020	-0,002	0,001	99,510	4,28	
68,750	0,082	-0,073	0,017	0,0019	-0,002	4,167E-4	99,486	4,29	
68,800	0,079	-0,073	1,735E-14	0,0019	-0,002	3,925E-16	99,516	4,28	
68,850	0,074	-0,073	-1,721E-14	0,0018	-0,002	-4,358E-16	99,490	4,29	
68,900	0,071	-0,073	-1,721E-14	0,0017	-0,002	-4,077E-16	99,508	4,29	
68,950	0,068	-0,073	0,017	0,0016	-0,002	4,167E-4	99,501	4,29	
69,000	0,063	-0,073	0,052	0,0015	-0,002	0,001	99,543	4,29	61,0
69,050	0,060	-0,068	0,070	0,0014	-0,002	0,002	99,512	4,29	
69,100	0,057	-0,063	0,052	0,0013	-0,001	0,001	99,501	4,30	
69,150	0,053	-0,063	0,017	0,0013	-0,001	4,167E-4	99,523	4,30	
69,200	0,050	-0,063	0,000	0,0012	-0,002	-8,674E-18	99,523	4,30	
69,250	0,047	-0,063	1,485E-14	0,0011	-0,001	3,513E-16	99,521	4,31	
69,300	0,044	-0,063	1,485E-14	0,0010	-0,001	3,556E-16	99,527	4,31	
69,350	0,041	-0,063	0,017	9,7500E-4	-0,001	4,167E-4	99,510	4,31	
69,400	0,038	-0,063	0,052	9,0000E-4	-0,001	0,001	99,523	4,31	
69,450	0,035	-0,058	0,070	8,2500E-4	-0,001	0,002	99,486	4,31	
69,500	0,031	-0,052	0,035	7,5000E-4	-0,001	8,333E-4	99,503	4,31	61,0
69,550	0,030	-0,052	-0,017	7,1250E-4	-0,001	-4,167E-4	99,521	4,32	
69,600	0,027	-0,058	-0,017	6,3750E-4	-0,001	-4,167E-4	99,512	4,31	
69,650	0,024	-0,058	0,017	5,6250E-4	-0,001	4,167E-4	99,525	4,33	
69,700	0,020	-0,052	0,035	4,8750E-4	-0,001	8,333E-4	99,523	4,33	
69,750	0,019	-0,052	0,017	4,5000E-4	-0,001	4,167E-4	99,532	4,32	
69,800	0,016	-0,052	0,017	3,7500E-4	-0,001	4,167E-4	99,523	4,33	
69,850	0,013	-0,052	0,035	3,0000E-4	-0,001	8,333E-4	99,523	4,33	
69,900	0,011	-0,047	0,035	2,6250E-4	-0,001	8,333E-4	99,525	4,33	
69,950	0,008	-0,047	0,017	1,8750E-4	-0,001	4,167E-4	99,527	4,34	
70,000	0,006	-0,047	1,131E-14	1,5000E-4	-0,001	2,667E-16	99,532	4,34	61,0
70,050	0,003	-0,047	1,124E-14	7,5000E-5	-0,001	2,667E-16	99,549	4,33	
70,100	0,002	-0,047	-1,124E-14	3,7500E-5	-0,001	-2,689E-16	99,530	4,34	
70,150	-0,002	-0,047	0,017	-3,7500E-5	-0,001	4,167E-4	99,543	4,34	
70,200	-0,003	-0,047	0,035	-7,5000E-5	-0,001	8,333E-4	99,543	4,34	
70,250	-0,006	-0,042	0,035	-1,5000E-4	-1,000E-3	8,333E-4	99,492	4,34	
70,300	-0,008	-0,042	0,017	-1,8750E-4	-1,000E-3	4,167E-4	99,492	4,34	
70,350	-0,009	-0,042	-9,853E-15	-2,2500E-4	-1,000E-3	-2,342E-16	99,549	4,35	
70,400	-0,013	-0,042	-9,714E-15	-3,0000E-4	-1,000E-3	-2,385E-16	99,525	4,35	
70,450	-0,014	-0,042	1,388E-16	-3,3750E-4	-0,001	2,168E-18	99,538	4,36	
70,500	-0,016	-0,042	0,017	-3,7500E-4	-1,000E-3	4,167E-4	99,523	4,35	61,0
70,550	-0,019	-0,042	0,052	-4,5000E-4	-1,000E-3	0,001	99,554	4,36	
70,600	-0,020	-0,037	0,052	-4,8750E-4	-8,750E-4	0,001	99,519	4,36	
70,650	-0,022	-0,031	-8,812E-15	-5,2500E-4	-7,500E-4	-2,038E-16	99,538	4,36	
70,700	-0,024	-0,037	-0,052	-5,6250E-4	-8,750E-4	-0,001	99,519	4,36	
70,750	-0,025	-0,042	-0,035	-6,0000E-4	-1,000E-3	-8,333E-4	99,532	4,36	
70,800	-0,028	-0,042	0,035	-6,7500E-4	-1,000E-3	8,333E-4	99,521	4,37	
70,850	-0,030	-0,037	0,070	-7,1250E-4	-8,750E-4	0,002	99,512	4,36	
70,900	-0,031	-0,031	0,052	-7,5000E-4	-7,500E-4	0,001	99,505	4,36	
70,950	-0,033	-0,031	0,017	-7,8750E-4	-7,500E-4	4,167E-4	99,527	4,37	
71,000	-0,035	-0,031	7,425E-15	-8,2500E-4	-7,500E-4	1,800E-16	99,521	4,37	61,0
71,050	-0,036	-0,031	7,425E-15	-8,6250E-4	-7,500E-4	1,778E-16	99,525	4,37	
71,100	-0,038	-0,031	-7,425E-15	-9,0000E-4	-7,500E-4	-1,821E-16	99,514	4,37	
71,150	-0,039	-0,031	-7,425E-15	-9,3750E-4	-7,500E-4	-1,854E-16	99,514	4,37	
71,200	-0,041	-0,031	0,000	-9,7500E-4	-7,500E-4	-1,084E-17	99,543	4,37	
71,250	-0,042	-0,031	7,425E-15	-0,0010	-7,500E-4	1,735E-16	99,505	4,37	
71,300	-0,044	-0,031	7,425E-15	-0,0011	-7,500E-4	1,930E-16	99,505	4,38	
71,350	-0,046	-0,031	-7,425E-15	-0,0011	-7,500E-4	-1,594E-16	99,562	4,38	
71,400	-0,047	-0,031	-7,425E-15	-0,0011	-7,500E-4	-1,800E-16	99,527	4,38	
71,450	-0,049	-0,031	0,017	-0,0012	-7,500E-4	4,167E-4	99,538	4,37	
71,500	-0,050	-0,031	0,052	-0,0012	-7,500E-4	0,001	99,538	4,38	61,0
71,550	-0,052	-0,026	0,070	-0,0012	-6,250E-4	0,002	99,534	4,38	
71,600	-0,053	-0,021	0,035	-0,0013	-5,000E-4	8,333E-4	99,536	4,38	
71,650	-0,053	-0,021	-0,035	-0,0013	-5,000E-4	-8,333E-4	99,530	4,38	
71,700	-0,055	-0,026	-0,052	-0,0013	-6,250E-4	-0,001	99,530	4,38	
71,750	-0,057	-0,031	6,210E-15	-0,0014	-7,500E-4	1,561E-16	99,532	4,38	
71,800	-0,058	-0,026	0,052	-0,0014	-6,250E-4	0,001	99,543	4,39	
71,850	-0,060	-0,021	0,035	-0,0014	-5,000E-4	8,333E-4	99,551	4,38	
71,900	-0,060	-0,021	-0,017	-0,0014	-5,000E-4	-4,167E-4	99,536	4,40	
71,950	-0,061	-0,026	-0,017	-0,0015	-6,250E-4	-4,167E-4	99,545	4,38	
72,000	-0,063	-0,026	0,035	-0,0015	-6,250E-4	8,333E-4	99,488	4,39	61,0
72,050	-0,064	-0,021	0,070	-0,0015	-5,000E-4	0,002	99,534	4,39	
72,100	-0,064	-0,016	0,035	-0,0015	-3,750E-4	8,333E-4	99,514	4,39	
72,150	-0,066	-0,016	-0,035	-0,0016	-3,750E-4	-8,333E-4	99,549	4,40	
72,200	-0,066	-0,021	-0,070	-0,0016	-5,000E-4	-0,002	99,516	4,40	
72,250	-0,068	-0,026	-0,035	-0,0016	-6,250E-4	-8,333E-4	99,519	4,39	
72,300	-0,069	-0,026	0,035	-0,0017	-6,250E-4	8,333E-4	99,551	4,40	
72,350	-0,071	-0,021	0,070	-0,0017	-5,000E-4	0,002	99,514	4,40	
72,400	-0,071	-0,016	0,035	-0,0017	-3,750E-4	8,333E-4	99,510	4,41	
72,450	-0,072	-0,016	-0,035	-0,0017	-3,750E-4	-8,333E-4	99,527	4,41	
72,500	-0,072	-0,021	-0,070	-0,0017	-5,000E-4	-0,002	99,525	4,40	60,9
72,550	-0,074	-0,026	-0,035	-0,0018	-6,250E-4	-8,333E-4	99,516	4,41	
72,600	-0,075	-0,026	0,017	-0,0018	-6,250E-4	4,167E-4	99,540	4,41	
72,650	-0,077	-0,021	0,017	-0,0018	-5,000E-4	4,167E-4	99,530	4,41	
72,700	-0,077	-0,021	-0,017	-0,0018	-5,000E-4	-4,167E-4	99,516	4,42	
72,750	-0,079	-0,026	-0,017	-0,0019	-6,250E-4	-4,167E-4	99,543	4,42	
72,800	-0,080	-0,026	0,035	-0,0019	-6,250E-4	8,333E-4	99,556	4,42	
72,850	-0,082	-0,021	0,070	-0,0020	-5,000E-4	0,002	99,519	4,43	
72,900	-0,082	-0,016	0,035	-0,0020	-3,750E-4	8,333E-4	99,514	4,43	
72,950	-0,083	-0,016	-0,035	-0,0020	-3,750E-4	-8,333E-4	99,525	4,43	
73,000	-0,083	-0,021	-0,070	-0,0020	-5,000E-4	-0,002	99,558	4,42	60,9
73,050	-0,085	-0,026	-0,035	-0,0020	-6,250E-4	-8,333E-4	99,543	4,43	
73,100	-0,086	-0,026	0,017	-0,0021	-6,250E-4	4,167E-4	99,558	4,44	
73,150	-0,088	-0,021	0,035	-0,0021	-5,000E-4	8,333E-4	99,492	4,43	
73,200	-0,088	-0,021	0,017	-0,0021	-5,000E-4	4,167E-4	99,545	4,44	
73,250	-0,090	-0,021	0,017	-0,0021	-5,000E-4	4,167E-4	99,536	4,43	
73,300	-0,091	-0,021	0,035	-0,0022	-5,000E-4	8,333E-4	99,543	4,44	
73,350	-0,091	-0,016	0,017	-0,0022	-3,750E-4	4,167E-4	99,530	4,44	
73,400	-0,093	-0,016	-0,035	-0,0022	-3,750E-4	-8,333E-4	99,538	4,44	
73,450	-0,093	-0,021	-0,070	-0,0022	-5,000E-4	-0,002	99,492	4,44	
73,500	-0,094	-0,026	-0,035	-0,0023	-6,250E-4	-8,333E-4	99,521	4,45	60,9
73,550	-0,096	-0,026	0,017	-0,0023	-6,250E-4	4,167E-4	99,545	4,45	
73,600	-0,097	-0,021	0,035	-0,0023	-5,000E-4	8,333E-4	99,501	4,44	
73,650	-0,097	-0,021	0,017	-0,0023	-5,000E-4	4,167E-4	99,527	4,45	
73,700	-0,099	-0,021	-3,469E-17	-0,0024	-5,000E-4	0,000	99,538	4,45	
73,750	-0,101	-0,021	4,892E-15	-0,0024	-5,000E-4	1,193E-16	99,567	4,45	
73,800	-0,101	-0,021	4,927E-15	-0,0024	-5,000E-4	1,193E-16	99,536	4,46	
73,850	-0,102	-0,021	0,017	-0,0024	-5,000E-4	4,167E-4	99,514	4,45	
73,900	-0,104	-0,021	0,035	-0,0025	-5,000E-4	8,333E-4	99,510	4,45	
73,950	-0,104	-0,016	0,017	-0,0025	-3,750E-4	4,167E-4	99,508	4,46	
74,000	-0,105	-0,016	-0,017	-0,0025	-3,750E-4	-4,167E-4	99,523	4,45	60,9
74,050	-0,105	-0,021	-0,035	-0,0025	-5,000E-4	-8,333E-4	99,523	4,45	
74,100	-0,107	-0,021	-3,712E-15	-0,0026	-5,000E-4	-7,373E-17	99,501	4,46	
74,150	-0,108	-0,021	0,035	-0,0026	-5,000E-4	8,333E-4	99,532	4,47	
74,200	-0,108	-0,016	0,035	-0,0026	-3,750E-4	8,333E-4	99,554	4,46	
74,250	-0,110	-0,016	0,017	-0,0026	-3,750E-4	4,167E-4	99,523	4,47	
74,300	-0,110	-0,016	-0,017	-0,0026	-3,750E-4	-4,167E-4	99,547	4,46	
74,350	-0,112	-0,016	-0,035	-0,0027	-3,750E-4	-8,333E-4	99,527	4,46	
74,400	-0,112	-0,021	-0,035	-0,0027	-5,000E-4	-8,333E-4	99,525	4,47	
74,450	-0,113	-0,021	0,000	-0,0027	-5,000E-4	1,409E-17	99,525	4,46	
74,500	-0,115	-0,021	0,035	-0,0027	-5,000E-4	8,333E-4	99,534	4,46	60,9
74,550	-0,115	-0,016	0,035	-0,0027	-3,750E-4	8,333E-4	99,543	4,47	
74,600	-0,116	-0,016	0,017	-0,0028	-3,750E-4	4,167E-4	99,540	4,48	
74,650	-0,116	-0,016	-3,712E-15	-0,0028	-3,750E-4	-1,182E-16	99,547	4,47	
74,700	-0,118	-0,016	0,000	-0,0028	-3,750E-4	2,927E-17	99,534	4,47	
74,750	-0,118	-0,016	3,712E-15	-0,0028	-3,750E-4	1,182E-16	99,516	4,47	
74,800	-0,119	-0,016	3,712E-15	-0,0029	-3,750E-4	6,017E-17	99,512	4,48	
74,850	-0,119	-0,016	-3,712E-15	-0,0029	-3,750E-4	-1,182E-16	99,523	4,48	
74,900	-0,121	-0,016	-3,712E-15	-0,0029	-3,750E-4	-6,072E-17	99,567	4,48	
74,950	-0,121	-0,016	0,000	-0,0029	-3,750E-4	2,927E-17	99,549	4,48	
75,000	-0,123	-0,016	0,017	-0,0029	-3,750E-4	4,167E-4	99,525	4,48	60,9
75,050	-0,123	-0,016	0,035	-0,0029	-3,750E-4	8,333E-4	99,512	4,48	
75,100	-0,124	-0,010	0,035	-0,0030	-2,500E-4	8,333E-4	99,536	4,48	
75,150	-0,124	-0,010	-2,463E-15	-0,0030	-2,500E-4	-1,572E-17	99,549	4,48	
75,200	-0,124	-0,010	-0,035	-0,0030	-2,500E-4	-8,333E-4	99,503	4,48	
75,250	-0,126	-0,016	-0,035	-0,0030	-3,750E-4	-8,333E-4	99,527	4,49	
75,300	-0,126	-0,016	-0,017	-0,0030	-3,750E-4	-4,167E-4	99,540	4,49	
75,350	-0,127	-0,016	-3,712E-15	-0,0030	-3,750E-4	-6,072E-17	99,523	4,48	
75,400	-0,127	-0,016	-3,712E-15	-0,0030	-3,750E-4	-6,072E-17	99,536	4,49	
75,450	-0,129	-0,016	0,017	-0,0031	-3,750E-4	4,167E-4	99,525	4,48	
75,500	-0,129	-0,016	0,035	-0,0031	-3,750E-4	8,333E-4	99,545	4,49	60,9
75,550	-0,130	-0,010	0,035	-0,0031	-2,500E-4	8,333E-4	99,562	4,49	
75,600	-0,130	-0,010	0,017	-0,0031	-2,500E-4	4,167E-4	99,521	4,49	
75,650	-0,130	-0,010	-2,446E-15	-0,0031	-2,500E-4	-4,499E-17	99,536	4,49	
75,700	-0,132	-0,010	-0,017	-0,0032	-2,500E-4	-4,167E-4	99,556	4,49	
75,750	-0,132	-0,010	-0,052	-0,0032	-2,500E-4	-0,001	99,521	4,49	
75,800	-0,132	-0,016	-0,052	-0,0032	-3,750E-4	-0,001	99,545	4,49	
75,850	-0,134	-0,021	-2,463E-15	-0,0032	-5,000E-4	-5,963E-17	99,536	4,50	
75,900	-0,135	-0,016	0,035	-0,0032	-3,750E-4	8,333E-4	99,510	4,49	
75,950	-0,135	-0,010	0,000	-0,0032	-2,500E-4	0,000	99,530	4,49	
76,000	-0,135	-0,016	-0,035	-0,0032	-3,750E-4	-8,333E-4	99,523	4,49	60,9
76,050	-0,137	-0,021	0,017	-0,0033	-5,000E-4	4,167E-4	99,536	4,49	
76,100	-0,138	-0,016	0,105	-0,0033	-3,750E-4	0,002	99,545	4,49	
76,150	-0,138	-0,005	0,122	-0,0033	-1,250E-4	0,003	99,549	4,49	
76,200	-0,138	0,000	0,070	-0,0033	0,000	0,002	99,564	4,49	
76,250	-0,138	0,000		-0,0033	0,000		99,510	4,50	
76,300	-0,138	0,000		-0,0033	0,000		99,521	4,50	
76,350	-0,138			-0,0033			99,503	4,49	
