Time (s) Run #1	Angle (rad) Run #1	Angular Velocity (rad/s) Run #1	Angular Acceleration (rad/s²) Run #1	Position (m) Run #1	Velocity (m/s) Run #1	Acceleration (m/s²) Run #1	Absolute Pressure (kPa) Run #1	Temperature, Ch P2 (°C) Run #1	Temperature, Ch P3 (°C) Run #1
0,000	-0,002			-3,7500E-5			99,449	5,32	68,2
0,050	-0,014	-0,251		-3,3750E-4	-0,006		99,490	5,33	
0,100	-0,027	-0,251	0,000	-6,3750E-4	-0,006	0,000	99,484	5,32	
0,150	-0,039	-0,251	0,052	-9,3750E-4	-0,006	0,001	99,481	5,32	
0,200	-0,052	-0,246	0,087	-0,0012	-0,006	0,002	99,497	5,33	
0,250	-0,064	-0,241	0,122	-0,0015	-0,006	0,003	99,475	5,33	
0,300	-0,075	-0,236	0,157	-0,0018	-0,006	0,004	99,453	5,32	
0,350	-0,088	-0,225	0,192	-0,0021	-0,005	0,005	99,444	5,32	
0,400	-0,099	-0,215	0,192	-0,0024	-0,005	0,005	99,451	5,32	
0,450	-0,108	-0,204	0,140	-0,0026	-0,005	0,003	99,473	5,33	
0,500	-0,119	-0,199	0,087	-0,0029	-0,005	0,002	99,457	5,32	68,2
0,550	-0,129	-0,199	0,070	-0,0031	-0,005	0,002	99,481	5,32	
0,600	-0,138	-0,194	0,087	-0,0033	-0,005	0,002	99,468	5,32	
0,650	-0,149	-0,188	0,087	-0,0036	-0,005	0,002	99,449	5,32	
0,700	-0,157	-0,183	0,035	-0,0038	-0,004	8,333E-4	99,453	5,33	
0,750	-0,167	-0,183	-0,017	-0,0040	-0,004	-4,167E-4	99,457	5,32	
0,800	-0,176	-0,188	-0,035	-0,0042	-0,005	-8,333E-4	99,436	5,33	
0,850	-0,185	-0,188	-0,017	-0,0044	-0,005	-4,167E-4	99,486	5,32	
0,900	-0,195	-0,188	0,000	-0,0047	-0,005	2,602E-17	99,477	5,33	
0,950	-0,204	-0,188	0,000	-0,0049	-0,004	-2,602E-17	99,477	5,32	
1,000	-0,214	-0,188	8,327E-16	-0,0051	-0,005	0,000	99,462	5,32	68,2
1,050	-0,223	-0,188	-2,776E-16	-0,0053	-0,005	6,939E-17	99,457	5,33	
1,100	-0,232	-0,188	-2,220E-15	-0,0056	-0,004	6,939E-17	99,481	5,32	
1,150	-0,242	-0,188	-1,943E-15	-0,0058	-0,004	-5,204E-17	99,446	5,32	
1,200	-0,251	-0,188	0,000	-0,0060	-0,005	-1,041E-16	99,462	5,33	
1,250	-0,261	-0,188	0,017	-0,0062	-0,005	4,167E-4	99,457	5,32	
1,300	-0,270	-0,188	0,052	-0,0065	-0,005	0,001	99,479	5,32	
1,350	-0,280	-0,183	0,070	-0,0067	-0,004	0,002	99,492	5,32	
1,400	-0,289	-0,178	0,052	-0,0069	-0,004	0,001	99,484	5,33	
1,450	-0,297	-0,178	0,017	-0,0071	-0,004	4,167E-4	99,475	5,33	
1,500	-0,306	-0,178	0,017	-0,0073	-0,004	4,167E-4	99,481	5,32	68,2
1,550	-0,316	-0,178	0,052	-0,0075	-0,004	0,001	99,481	5,32	
1,600	-0,324	-0,173	0,087	-0,0077	-0,004	0,002	99,501	5,32	
1,650	-0,333	-0,168	0,105	-0,0080	-0,004	0,002	99,514	5,33	
1,700	-0,341	-0,162	0,087	-0,0081	-0,004	0,002	99,536	5,33	
1,750	-0,349	-0,157	0,070	-0,0083	-0,004	0,002	99,468	5,32	
1,800	-0,357	-0,157	0,070	-0,0085	-0,004	0,002	99,510	5,32	
1,850	-0,364	-0,152	0,070	-0,0087	-0,004	0,002	99,521	5,33	
1,900	-0,372	-0,147	0,035	-0,0089	-0,004	8,333E-4	99,532	5,32	
1,950	-0,379	-0,147	-0,035	-0,0090	-0,004	-8,333E-4	99,488	5,32	
2,000	-0,386	-0,152	-0,070	-0,0092	-0,004	-0,002	99,530	5,33	68,2
2,050	-0,394	-0,157	-0,035	-0,0094	-0,004	-8,333E-4	99,519	5,32	
2,100	-0,402	-0,157	0,035	-0,0096	-0,004	8,333E-4	99,488	5,33	
2,150	-0,410	-0,152	0,070	-0,0098	-0,004	0,002	99,512	5,33	
2,200	-0,418	-0,147	0,035	-0,0100	-0,004	8,333E-4	99,549	5,33	
2,250	-0,424	-0,147	-0,052	-0,0101	-0,004	-0,001	99,530	5,33	
2,300	-0,432	-0,152	-0,122	-0,0103	-0,004	-0,003	99,495	5,33	
2,350	-0,440	-0,162	-0,140	-0,0105	-0,004	-0,003	99,477	5,33	
2,400	-0,448	-0,168	-0,122	-0,0107	-0,004	-0,003	99,486	5,33	
2,450	-0,457	-0,173	-0,105	-0,0109	-0,004	-0,003	99,501	5,33	
2,500	-0,465	-0,178	-0,105	-0,0111	-0,004	-0,002	99,495	5,33	68,3
2,550	-0,474	-0,183	-0,070	-0,0113	-0,004	-0,002	99,505	5,33	
2,600	-0,484	-0,188	-2,220E-15	-0,0116	-0,004	1,128E-16	99,505	5,32	
2,650	-0,493	-0,183	0,052	-0,0118	-0,004	0,001	99,519	5,33	
2,700	-0,503	-0,178	0,052	-0,0120	-0,004	0,001	99,495	5,33	
2,750	-0,511	-0,178	0,017	-0,0122	-0,004	4,167E-4	99,510	5,33	
2,800	-0,520	-0,178	0,000	-0,0124	-0,004	0,000	99,501	5,33	
2,850	-0,529	-0,178	-0,017	-0,0126	-0,004	-4,167E-4	99,516	5,33	
2,900	-0,537	-0,178	-0,035	-0,0128	-0,004	-8,333E-4	99,486	5,33	
2,950	-0,547	-0,183	-0,017	-0,0131	-0,004	-4,167E-4	99,536	5,34	
3,000	-0,556	-0,183	0,035	-0,0133	-0,004	8,333E-4	99,514	5,33	68,3
3,050	-0,565	-0,178	0,087	-0,0135	-0,004	0,002	99,477	5,34	
3,100	-0,573	-0,173	0,105	-0,0137	-0,004	0,002	99,519	5,33	
3,150	-0,583	-0,168	0,105	-0,0139	-0,004	0,002	99,495	5,34	
3,200	-0,591	-0,162	0,070	-0,0141	-0,004	0,002	99,519	5,33	
3,250	-0,598	-0,157	0,017	-0,0143	-0,004	4,167E-4	99,508	5,33	
3,300	-0,606	-0,162	-3,886E-15	-0,0145	-0,004	0,000	99,530	5,33	
3,350	-0,614	-0,162	0,035	-0,0147	-0,004	8,333E-4	99,481	5,33	
3,400	-0,624	-0,157	0,070	-0,0149	-0,004	0,002	99,514	5,33	
3,450	-0,630	-0,152	0,052	-0,0150	-0,004	0,001	99,519	5,33	
3,500	-0,638	-0,152	0,035	-0,0152	-0,004	8,333E-4	99,516	5,33	68,3
3,550	-0,646	-0,152	0,052	-0,0154	-0,004	0,001	99,519	5,33	
3,600	-0,653	-0,147	0,070	-0,0156	-0,004	0,002	99,543	5,33	
3,650	-0,660	-0,141	0,052	-0,0158	-0,003	0,001	99,521	5,33	
3,700	-0,668	-0,141	0,035	-0,0159	-0,003	8,333E-4	99,488	5,33	
3,750	-0,674	-0,141	0,052	-0,0161	-0,003	0,001	99,499	5,34	
3,800	-0,682	-0,136	0,087	-0,0163	-0,003	0,002	99,505	5,33	
3,850	-0,688	-0,131	0,070	-0,0164	-0,003	0,002	99,481	5,34	
3,900	-0,694	-0,126	0,017	-0,0166	-0,003	4,167E-4	99,525	5,34	
3,950	-0,701	-0,131	-0,035	-0,0167	-0,003	-8,333E-4	99,495	5,33	
4,000	-0,707	-0,131	-0,052	-0,0169	-0,003	-0,001	99,512	5,33	68,4
4,050	-0,715	-0,136	-0,017	-0,0171	-0,003	-4,167E-4	99,495	5,33	
4,100	-0,719	-0,136	0,035	-0,0172	-0,003	8,333E-4	99,512	5,34	
4,150	-0,729	-0,131	0,105	-0,0174	-0,003	0,002	99,516	5,34	
4,200	-0,734	-0,126	0,122	-0,0175	-0,003	0,003	99,538	5,33	
4,250	-0,740	-0,115	0,105	-0,0177	-0,003	0,003	99,532	5,34	
4,300	-0,746	-0,115	0,070	-0,0178	-0,003	0,002	99,521	5,34	
4,350	-0,751	-0,110	0,035	-0,0179	-0,003	8,333E-4	99,532	5,34	
4,400	-0,757	-0,110	0,035	-0,0181	-0,003	8,333E-4	99,547	5,33	
4,450	-0,762	-0,110	0,035	-0,0182	-0,003	8,333E-4	99,543	5,34	
4,500	-0,768	-0,105	0,035	-0,0183	-0,003	8,333E-4	99,543	5,33	68,4
4,550	-0,773	-0,105	0,017	-0,0185	-0,003	4,167E-4	99,512	5,33	
4,600	-0,778	-0,105	0,000	-0,0186	-0,003	-1,171E-16	99,512	5,33	
4,650	-0,784	-0,105	-7,355E-15	-0,0187	-0,003	1,171E-16	99,545	5,34	
4,700	-0,789	-0,105	-1,485E-14	-0,0188	-0,003	1,171E-16	99,490	5,33	
4,750	-0,793	-0,105	0,017	-0,0189	-0,003	4,167E-4	99,521	5,33	
4,800	-0,800	-0,105	0,052	-0,0191	-0,003	0,001	99,514	5,34	
4,850	-0,804	-0,099	0,070	-0,0192	-0,002	0,002	99,477	5,33	
4,900	-0,809	-0,094	0,052	-0,0193	-0,002	0,001	99,523	5,34	
4,950	-0,814	-0,094	0,035	-0,0194	-0,002	8,333E-4	99,543	5,34	
5,000	-0,818	-0,094	0,052	-0,0195	-0,002	0,001	99,512	5,33	68,5
5,050	-0,823	-0,089	0,070	-0,0197	-0,002	0,002	99,554	5,33	
5,100	-0,828	-0,084	0,052	-0,0198	-0,002	0,001	99,510	5,33	
5,150	-0,831	-0,084	0,017	-0,0198	-0,002	4,167E-4	99,538	5,33	
5,200	-0,836	-0,084	0,017	-0,0200	-0,002	4,167E-4	99,512	5,33	
5,250	-0,840	-0,084	0,035	-0,0201	-0,002	8,333E-4	99,499	5,35	
5,300	-0,844	-0,079	0,035	-0,0201	-0,002	8,333E-4	99,525	5,34	
5,350	-0,848	-0,079	0,017	-0,0203	-0,002	4,167E-4	99,503	5,33	
5,400	-0,851	-0,079	1,485E-14	-0,0203	-0,002	0,000	99,510	5,34	
5,450	-0,856	-0,079	0,017	-0,0204	-0,002	4,167E-4	99,492	5,34	
5,500	-0,859	-0,079	0,052	-0,0205	-0,002	0,001	99,505	5,34	68,5
5,550	-0,864	-0,073	0,070	-0,0206	-0,002	0,002	99,510	5,33	
5,600	-0,867	-0,068	0,035	-0,0207	-0,002	8,333E-4	99,505	5,34	
5,650	-0,870	-0,068	-0,017	-0,0208	-0,002	-4,167E-4	99,549	5,34	
5,700	-0,873	-0,073	-0,017	-0,0209	-0,002	-4,167E-4	99,505	5,34	
5,750	-0,878	-0,073	0,035	-0,0210	-0,002	8,333E-4	99,512	5,34	
5,800	-0,881	-0,068	0,070	-0,0210	-0,002	0,002	99,510	5,33	
5,850	-0,884	-0,063	0,052	-0,0211	-0,002	0,001	99,512	5,34	
5,900	-0,888	-0,063	0,017	-0,0212	-0,001	4,167E-4	99,519	5,35	
5,950	-0,891	-0,063	9,714E-16	-0,0213	-0,001	2,168E-17	99,514	5,34	
6,000	-0,894	-0,063	9,714E-16	-0,0213	-0,001	-4,424E-16	99,475	5,34	68,5
6,050	-0,897	-0,063	-9,714E-16	-0,0214	-0,002	-2,168E-17	99,475	5,34	
6,100	-0,900	-0,063	-9,714E-16	-0,0215	-0,001	4,380E-16	99,497	5,34	
6,150	-0,903	-0,063	0,017	-0,0216	-0,001	4,167E-4	99,543	5,33	
6,200	-0,906	-0,063	0,052	-0,0216	-0,001	0,001	99,514	5,34	
6,250	-0,909	-0,058	0,070	-0,0217	-0,001	0,002	99,530	5,33	
6,300	-0,913	-0,052	0,035	-0,0218	-0,001	8,333E-4	99,499	5,34	
6,350	-0,914	-0,052	-0,017	-0,0218	-0,001	-4,167E-4	99,521	5,34	
6,400	-0,917	-0,058	-0,017	-0,0219	-0,001	-4,167E-4	99,495	5,34	
6,450	-0,920	-0,058	0,017	-0,0220	-0,001	4,167E-4	99,486	5,33	
6,500	-0,924	-0,052	0,035	-0,0221	-0,001	8,333E-4	99,519	5,34	68,6
6,550	-0,925	-0,052	0,017	-0,0221	-0,001	4,167E-4	99,519	5,34	
6,600	-0,928	-0,052	0,017	-0,0222	-0,001	4,167E-4	99,471	5,34	
6,650	-0,931	-0,052	0,035	-0,0222	-0,001	8,333E-4	99,499	5,33	
6,700	-0,933	-0,047	0,035	-0,0223	-0,001	8,333E-4	99,484	5,34	
6,750	-0,936	-0,047	0,017	-0,0224	-0,001	4,167E-4	99,505	5,33	
6,800	-0,938	-0,047	1,041E-14	-0,0224	-0,001	9,975E-17	99,501	5,34	
6,850	-0,941	-0,047	1,048E-14	-0,0225	-0,001	-2,494E-16	99,501	5,34	
6,900	-0,942	-0,047	0,000	-0,0225	-0,001	-1,171E-16	99,540	5,34	
6,950	-0,946	-0,047	0,017	-0,0226	-0,001	4,167E-4	99,534	5,34	
7,000	-0,947	-0,047	0,052	-0,0226	-0,001	0,001	99,521	5,34	68,6
7,050	-0,950	-0,042	0,070	-0,0227	-1,000E-3	0,002	99,490	5,34	
7,100	-0,952	-0,037	0,035	-0,0227	-8,750E-4	8,333E-4	99,451	5,34	
7,150	-0,953	-0,037	-0,017	-0,0228	-8,750E-4	-4,167E-4	99,523	5,34	
7,200	-0,955	-0,042	-0,035	-0,0228	-1,000E-3	-8,333E-4	99,468	5,34	
7,250	-0,958	-0,042	-0,017	-0,0229	-1,000E-3	-4,167E-4	99,510	5,34	
7,300	-0,960	-0,042	3,053E-15	-0,0229	-1,000E-3	-1,301E-17	99,527	5,34	
7,350	-0,961	-0,042	0,017	-0,0230	-1,000E-3	4,167E-4	99,508	5,34	
7,400	-0,964	-0,042	0,052	-0,0230	-1,000E-3	0,001	99,505	5,34	
7,450	-0,966	-0,037	0,070	-0,0231	-8,750E-4	0,002	99,532	5,34	
7,500	-0,968	-0,031	0,052	-0,0231	-7,500E-4	0,001	99,490	5,34	68,6
7,550	-0,969	-0,031	0,017	-0,0231	-7,500E-4	4,167E-4	99,508	5,34	
7,600	-0,971	-0,031	-0,017	-0,0232	-7,500E-4	-4,167E-4	99,495	5,34	
7,650	-0,972	-0,031	-0,052	-0,0232	-7,500E-4	-0,001	99,486	5,33	
7,700	-0,974	-0,037	-0,070	-0,0232	-8,750E-4	-0,002	99,499	5,34	
7,750	-0,975	-0,042	-0,035	-0,0233	-1,000E-3	-8,333E-4	99,497	5,34	
7,800	-0,979	-0,042	0,035	-0,0234	-1,000E-3	8,333E-4	99,501	5,34	
7,850	-0,980	-0,037	0,070	-0,0234	-8,750E-4	0,002	99,488	5,34	
7,900	-0,982	-0,031	0,070	-0,0234	-7,500E-4	0,002	99,510	5,34	
7,950	-0,983	-0,031	0,070	-0,0235	-7,500E-4	0,002	99,508	5,34	
8,000	-0,985	-0,026	0,070	-0,0235	-6,250E-4	0,002	99,536	5,34	68,6
8,050	-0,986	-0,021	0,035	-0,0235	-5,000E-4	8,333E-4	99,468	5,34	
8,100	-0,986	-0,021	-0,035	-0,0235	-5,000E-4	-8,333E-4	99,473	5,33	
8,150	-0,988	-0,026	-0,070	-0,0236	-6,250E-4	-0,002	99,471	5,34	
8,200	-0,990	-0,031	-0,052	-0,0236	-7,500E-4	-0,001	99,499	5,34	
8,250	-0,991	-0,031	-0,017	-0,0237	-7,500E-4	-4,167E-4	99,481	5,33	
8,300	-0,993	-0,031	0,017	-0,0237	-7,500E-4	4,167E-4	99,534	5,33	
8,350	-0,994	-0,031	0,052	-0,0237	-7,500E-4	0,001	99,512	5,34	
8,400	-0,996	-0,026	0,070	-0,0238	-6,250E-4	0,002	99,484	5,34	
8,450	-0,997	-0,021	0,035	-0,0238	-5,000E-4	8,333E-4	99,497	5,34	
8,500	-0,997	-0,021	-0,035	-0,0238	-5,000E-4	-8,333E-4	99,495	5,34	68,6
8,550	-0,999	-0,026	-0,052	-0,0238	-6,250E-4	-0,001	99,490	5,34	
8,600	-1,001	-0,031	8,014E-15	-0,0239	-7,500E-4	-2,168E-16	99,462	5,34	
8,650	-1,002	-0,026	0,052	-0,0239	-6,250E-4	0,001	99,503	5,34	
8,700	-1,004	-0,021	0,035	-0,0240	-5,000E-4	8,333E-4	99,508	5,34	
8,750	-1,004	-0,021	-0,017	-0,0240	-5,000E-4	-4,167E-4	99,497	5,34	
8,800	-1,005	-0,026	-0,017	-0,0240	-6,250E-4	-4,167E-4	99,525	5,33	
8,850	-1,007	-0,026	0,017	-0,0240	-6,250E-4	4,167E-4	99,466	5,33	
8,900	-1,008	-0,021	0,035	-0,0241	-5,000E-4	8,333E-4	99,457	5,33	
8,950	-1,008	-0,021	0,017	-0,0241	-5,000E-4	4,167E-4	99,477	5,33	
9,000	-1,010	-0,021	-2,220E-14	-0,0241	-5,000E-4	2,309E-16	99,499	5,33	68,7
9,050	-1,012	-0,021	0,000	-0,0241	-5,000E-4	-2,309E-16	99,479	5,33	
9,100	-1,012	-0,021	2,279E-14	-0,0241	-5,000E-4	-4,478E-16	99,505	5,33	
9,150	-1,013	-0,021	2,220E-14	-0,0242	-5,000E-4	-2,320E-16	99,479	5,33	
9,200	-1,015	-0,021	-5,898E-16	-0,0242	-5,000E-4	1,008E-16	99,501	5,33	
9,250	-1,015	-0,021	-2,220E-14	-0,0242	-5,000E-4	3,469E-16	99,484	5,33	
9,300	-1,016	-0,021	0,017	-0,0243	-5,000E-4	4,167E-4	99,495	5,33	
9,350	-1,018	-0,021	0,035	-0,0243	-5,000E-4	8,333E-4	99,475	5,33	
9,400	-1,018	-0,016	0,035	-0,0243	-3,750E-4	8,333E-4	99,471	5,33	
9,450	-1,019	-0,016	0,017	-0,0243	-3,750E-4	4,167E-4	99,492	5,33	
9,500	-1,019	-0,016	-0,017	-0,0243	-3,750E-4	-4,167E-4	99,477	5,33	68,7
9,550	-1,021	-0,016	-0,035	-0,0244	-3,750E-4	-8,333E-4	99,492	5,34	
9,600	-1,021	-0,021	-0,035	-0,0244	-5,000E-4	-8,333E-4	99,488	5,34	
9,650	-1,023	-0,021	-1,495E-14	-0,0244	-5,000E-4	2,277E-16	99,466	5,33	
9,700	-1,024	-0,021	0,035	-0,0244	-5,000E-4	8,333E-4	99,486	5,33	
9,750	-1,024	-0,016	0,035	-0,0244	-3,750E-4	8,333E-4	99,516	5,33	
9,800	-1,026	-0,016	0,017	-0,0245	-3,750E-4	4,167E-4	99,471	5,32	
9,850	-1,026	-0,016	-0,017	-0,0245	-3,750E-4	-4,167E-4	99,481	5,33	
9,900	-1,027	-0,016	-0,035	-0,0245	-3,750E-4	-8,333E-4	99,508	5,32	
9,950	-1,027	-0,021	-0,017	-0,0245	-5,000E-4	-4,167E-4	99,514	5,32	
10,000	-1,029	-0,021	0,035	-0,0246	-5,000E-4	8,333E-4	99,475	5,33	68,6
10,050	-1,030	-0,016	0,052	-0,0246	-3,750E-4	0,001	99,468	5,33	
10,100	-1,030	-0,010	-5,898E-16	-0,0246	-2,500E-4	-1,409E-17	99,468	5,33	
10,150	-1,030	-0,016	-0,052	-0,0246	-3,750E-4	-0,001	99,457	5,32	
10,200	-1,032	-0,021	-0,035	-0,0246	-5,000E-4	-8,333E-4	99,497	5,33	
10,250	-1,034	-0,021	0,017	-0,0247	-5,000E-4	4,167E-4	99,460	5,33	
10,300	-1,034	-0,016	0,035	-0,0247	-3,750E-4	8,333E-4	99,468	5,32	
10,350	-1,035	-0,016	0,017	-0,0247	-3,750E-4	4,167E-4	99,484	5,32	
10,400	-1,035	-0,016	0,000	-0,0247	-3,750E-4	-1,160E-16	99,503	5,32	
10,450	-1,037	-0,016	0,000	-0,0247	-3,750E-4	-3,469E-16	99,477	5,32	
10,500	-1,037	-0,016	7,876E-15	-0,0247	-3,750E-4	-3,361E-16	99,473	5,32	68,6
10,550	-1,038	-0,016	2,220E-14	-0,0248	-3,750E-4	-1,160E-16	99,486	5,32	
10,600	-1,038	-0,016	1,433E-14	-0,0248	-3,750E-4	1,052E-16	99,508	5,33	
10,650	-1,040	-0,016	0,017	-0,0248	-3,750E-4	4,167E-4	99,477	5,32	
10,700	-1,040	-0,016	0,035	-0,0248	-3,750E-4	8,333E-4	99,488	5,32	
10,750	-1,041	-0,010	0,035	-0,0249	-2,500E-4	8,333E-4	99,499	5,33	
10,800	-1,041	-0,010	7,407E-15	-0,0249	-2,500E-4	-1,155E-16	99,536	5,32	
10,850	-1,041	-0,010	-0,035	-0,0249	-2,500E-4	-8,333E-4	99,442	5,33	
10,900	-1,043	-0,016	-0,035	-0,0249	-3,750E-4	-8,333E-4	99,475	5,32	
10,950	-1,043	-0,016	-0,017	-0,0249	-3,750E-4	-4,167E-4	99,481	5,32	
11,000	-1,045	-0,016	0,017	-0,0249	-3,750E-4	4,167E-4	99,495	5,32	68,6
11,050	-1,045	-0,016	0,035	-0,0249	-3,750E-4	8,333E-4	99,484	5,32	
11,100	-1,046	-0,010	0,035	-0,0250	-2,500E-4	8,333E-4	99,525	5,32	
11,150	-1,046	-0,010	-1,464E-14	-0,0250	-2,500E-4	3,507E-16	99,477	5,32	
11,200	-1,046	-0,010	-0,035	-0,0250	-2,500E-4	-8,333E-4	99,453	5,31	
11,250	-1,048	-0,016	-0,017	-0,0250	-3,750E-4	-4,167E-4	99,514	5,32	
11,300	-1,048	-0,016	0,017	-0,0250	-3,750E-4	4,167E-4	99,484	5,32	
11,350	-1,049	-0,010	0,035	-0,0250	-2,500E-4	8,333E-4	99,484	5,31	
11,400	-1,049	-0,010	-7,251E-15	-0,0250	-2,500E-4	-1,122E-16	99,449	5,31	
11,450	-1,049	-0,010	-0,035	-0,0250	-2,500E-4	-8,333E-4	99,486	5,31	
11,500	-1,051	-0,016	-0,017	-0,0251	-3,750E-4	-4,167E-4	99,455	5,31	68,6
11,550	-1,051	-0,016	0,017	-0,0251	-3,750E-4	4,167E-4	99,479	5,32	
11,600	-1,052	-0,010	0,035	-0,0251	-2,500E-4	8,333E-4	99,471	5,31	
11,650	-1,052	-0,010	-1,464E-14	-0,0251	-2,500E-4	1,193E-16	99,505	5,31	
11,700	-1,052	-0,010	-0,035	-0,0251	-2,500E-4	-8,333E-4	99,455	5,32	
11,750	-1,054	-0,016	-0,017	-0,0252	-3,750E-4	-4,167E-4	99,484	5,31	
11,800	-1,054	-0,016	0,017	-0,0252	-3,750E-4	4,167E-4	99,495	5,32	
11,850	-1,056	-0,010	0,035	-0,0252	-2,500E-4	8,333E-4	99,508	5,31	
11,900	-1,056	-0,010	0,017	-0,0252	-2,500E-4	4,167E-4	99,475	5,30	
11,950	-1,056	-0,010	0,017	-0,0252	-2,500E-4	4,167E-4	99,503	5,31	
12,000	-1,057	-0,010	0,035	-0,0252	-2,500E-4	8,333E-4	99,512	5,31	68,6
12,050	-1,057	-0,005	0,017	-0,0252	-1,250E-4	4,167E-4	99,455	5,31	
12,100	-1,057	-0,005	-0,017	-0,0252	-1,250E-4	-4,167E-4	99,468	5,31	
12,150	-1,057	-0,010	-0,035	-0,0252	-2,500E-4	-8,333E-4	99,486	5,31	
12,200	-1,059	-0,010	-0,017	-0,0253	-2,500E-4	-4,167E-4	99,477	5,31	
12,250	-1,059	-0,010	-7,095E-15	-0,0253	-2,500E-4	3,540E-16	99,490	5,31	
12,300	-1,059	-0,010	-1,480E-14	-0,0253	-2,500E-4	3,469E-16	99,495	5,30	
12,350	-1,060	-0,010	-7,702E-15	-0,0253	-2,500E-4	2,239E-16	99,501	5,31	
12,400	-1,060	-0,010	7,407E-15	-0,0253	-2,500E-4	0,000	99,499	5,30	
12,450	-1,060	-0,010	7,407E-15	-0,0253	-2,500E-4	-2,309E-16	99,486	5,31	
12,500	-1,062	-0,010	-7,112E-15	-0,0253	-2,500E-4	-1,084E-16	99,462	5,30	68,6
12,550	-1,062	-0,010	-7,407E-15	-0,0253	-2,500E-4	-1,160E-16	99,471	5,30	
12,600	-1,062	-0,010	7,112E-15	-0,0253	-2,500E-4	-2,385E-16	99,490	5,30	
12,650	-1,063	-0,010	1,480E-14	-0,0254	-2,500E-4	-1,155E-16	99,495	5,30	
12,700	-1,063	-0,010	7,390E-15	-0,0254	-2,500E-4	2,315E-16	99,451	5,30	
12,750	-1,063	-0,010	0,017	-0,0254	-2,500E-4	4,167E-4	99,497	5,30	
12,800	-1,065	-0,010	0,035	-0,0254	-2,500E-4	8,333E-4	99,486	5,30	
12,850	-1,065	-0,005	0,017	-0,0254	-1,250E-4	4,167E-4	99,471	5,30	
12,900	-1,065	-0,005	-0,017	-0,0254	-1,250E-4	-4,167E-4	99,462	5,30	
12,950	-1,065	-0,010	-0,035	-0,0254	-2,500E-4	-8,333E-4	99,464	5,30	
13,000	-1,067	-0,010	-0,017	-0,0255	-2,500E-4	-4,167E-4	99,473	5,30	68,6
13,050	-1,067	-0,010	7,407E-15	-0,0255	-2,500E-4	-1,155E-16	99,510	5,29	
13,100	-1,067	-0,010	0,017	-0,0255	-2,500E-4	4,167E-4	99,460	5,30	
13,150	-1,068	-0,010	0,035	-0,0255	-2,500E-4	8,333E-4	99,436	5,29	
13,200	-1,068	-0,005	0,017	-0,0255	-1,250E-4	4,167E-4	99,488	5,29	
13,250	-1,068	-0,005	-0,017	-0,0255	-1,250E-4	-4,167E-4	99,446	5,30	
13,300	-1,068	-0,010	-0,017	-0,0255	-2,500E-4	-4,167E-4	99,486	5,30	
13,350	-1,070	-0,010	0,035	-0,0255	-2,500E-4	8,333E-4	99,457	5,30	
13,400	-1,070	-0,005	0,052	-0,0255	-1,250E-4	0,001	99,488	5,29	
13,450	-1,070	0,000	-7,546E-15	-0,0255	0,000	-2,350E-16	99,479	5,29	
13,500	-1,070	-0,005	-0,052	-0,0255	-1,250E-4	-0,001	99,488	5,29	68,6
13,550	-1,070	-0,010	-0,035	-0,0255	-2,500E-4	-8,333E-4	99,473	5,29	
13,600	-1,071	-0,010	0,035	-0,0256	-2,500E-4	8,333E-4	99,451	5,30	
13,650	-1,071	-0,005	0,052	-0,0256	-1,250E-4	0,001	99,453	5,30	
13,700	-1,071	0,000	7,251E-15	-0,0256	0,000	-3,795E-18	99,449	5,30	
13,750	-1,071	-0,005	-0,052	-0,0256	-1,250E-4	-0,001	99,475	5,29	
13,800	-1,071	-0,010	-0,035	-0,0256	-2,500E-4	-8,333E-4	99,486	5,29	
13,850	-1,073	-0,010	0,035	-0,0256	-2,500E-4	8,333E-4	99,499	5,29	
13,900	-1,073	-0,005	0,052	-0,0256	-1,250E-4	0,001	99,503	5,29	
13,950	-1,073	0,000	7,251E-15	-0,0256	0,000	-3,795E-18	99,481	5,29	
14,000	-1,073	-0,005	-0,052	-0,0256	-1,250E-4	-0,001	99,488	5,29	68,5
14,050	-1,073	-0,010	-0,035	-0,0256	-2,500E-4	-8,333E-4	99,453	5,29	
14,100	-1,074	-0,010	0,035	-0,0256	-2,500E-4	8,333E-4	99,479	5,29	
14,150	-1,074	-0,005	0,070	-0,0256	-1,250E-4	0,002	99,475	5,29	
14,200	-1,074	0,000	0,035	-0,0256	0,000	8,333E-4	99,512	5,28	
14,250	-1,074	0,000	-0,035	-0,0256	0,000	-8,333E-4	99,477	5,28	
14,300	-1,074	-0,005	-0,070	-0,0256	-1,250E-4	-0,002	99,462	5,29	
14,350	-1,074	-0,010	-0,035	-0,0256	-2,500E-4	-8,333E-4	99,492	5,28	
14,400	-1,076	-0,010	0,035	-0,0257	-2,500E-4	8,333E-4	99,466	5,28	
14,450	-1,076	-0,005	0,052	-0,0257	-1,250E-4	0,001	99,468	5,29	
14,500	-1,076	0,000	-7,086E-15	-0,0257	0,000	4,700E-16	99,451	5,28	68,5
14,550	-1,076	-0,005	-0,052	-0,0257	-1,250E-4	-0,001	99,486	5,28	
14,600	-1,076	-0,010	-0,035	-0,0257	-2,500E-4	-8,333E-4	99,466	5,28	
14,650	-1,078	-0,010	0,035	-0,0257	-2,500E-4	8,333E-4	99,484	5,29	
14,700	-1,078	-0,005	0,070	-0,0257	-1,250E-4	0,002	99,457	5,29	
14,750	-1,078	0,000	0,035	-0,0257	0,000	8,333E-4	99,481	5,27	
14,800	-1,078	0,000	-0,035	-0,0257	0,000	-8,333E-4	99,442	5,28	
14,850	-1,078	-0,005	-0,070	-0,0257	-1,250E-4	-0,002	99,457	5,27	
14,900	-1,078	-0,010	-0,035	-0,0257	-2,500E-4	-8,333E-4	99,484	5,28	
14,950	-1,079	-0,010	0,035	-0,0258	-2,500E-4	8,333E-4	99,468	5,27	
15,000	-1,079	-0,005	0,052	-0,0258	-1,250E-4	0,001	99,455	5,28	68,5
15,050	-1,079	0,000	7,407E-15	-0,0258	0,000	-1,155E-16	99,462	5,28	
15,100	-1,079	-0,005	-0,052	-0,0258	-1,250E-4	-0,001	99,497	5,29	
15,150	-1,079	-0,010	-0,035	-0,0258	-2,500E-4	-8,333E-4	99,451	5,28	
15,200	-1,081	-0,010	0,035	-0,0258	-2,500E-4	8,333E-4	99,475	5,28	
15,250	-1,081	-0,005	0,070	-0,0258	-1,250E-4	0,002	99,501	5,28	
15,300	-1,081	0,000	0,052	-0,0258	0,000	0,001	99,455	5,27	
15,350	-1,081	0,000	-1,540E-16	-0,0258	0,000	-3,659E-18	99,477	5,28	
15,400	-1,081	0,000	-0,052	-0,0258	0,000	-0,001	99,477	5,28	
15,450	-1,081	-0,005	-0,070	-0,0258	-1,250E-4	-0,002	99,479	5,28	
15,500	-1,081	-0,010	-0,035	-0,0258	-2,500E-4	-8,333E-4	99,486	5,27	68,5
15,550	-1,082	-0,010	0,035	-0,0258	-2,500E-4	8,333E-4	99,473	5,28	
15,600	-1,082	-0,005	0,070	-0,0258	-1,250E-4	0,002	99,436	5,28	
15,650	-1,082	0,000	0,035	-0,0258	0,000	8,333E-4	99,464	5,28	
15,700	-1,082	0,000	-0,035	-0,0258	0,000	-8,333E-4	99,457	5,27	
15,750	-1,082	-0,005	-0,070	-0,0258	-1,250E-4	-0,002	99,446	5,28	
15,800	-1,082	-0,010	-0,035	-0,0258	-2,500E-4	-8,333E-4	99,442	5,28	
15,850	-1,084	-0,010	0,035	-0,0259	-2,500E-4	8,333E-4	99,486	5,28	
15,900	-1,084	-0,005	0,070	-0,0259	-1,250E-4	0,002	99,466	5,28	
15,950	-1,084	0,000	0,035	-0,0259	0,000	8,333E-4	99,479	5,28	
16,000	-1,084	0,000	-0,017	-0,0259	0,000	-4,167E-4	99,433	5,28	68,5
16,050	-1,084	-0,005	-0,017	-0,0259	-1,250E-4	-4,167E-4	99,457	5,27	
16,100	-1,084	-0,005	0,035	-0,0259	-1,250E-4	8,333E-4	99,462	5,28	
16,150	-1,085	-2,220E-15	0,070	-0,0259	0,000	0,002	99,471	5,28	
16,200	-1,084	0,005	0,035	-0,0259	1,250E-4	8,333E-4	99,464	5,28	
16,250	-1,084	0,005	-0,035	-0,0259	1,250E-4	-8,333E-4	99,444	5,28	
16,300	-1,084	0,000	-0,087	-0,0259	0,000	-0,002	99,444	5,28	
16,350	-1,084	-0,005	-0,105	-0,0259	-1,250E-4	-0,002	99,462	5,28	
16,400	-1,084	-0,010	-0,157	-0,0259	-2,500E-4	-0,004	99,453	5,27	
16,450	-1,085	-0,016	-0,279	-0,0259	-3,750E-4	-0,007	99,442	5,27	
16,500	-1,085	-0,037	-0,716	-0,0259	-8,750E-4	-0,017	99,444	5,27	68,5
16,550	-1,087	-0,063	-2,164	-0,0259	-0,001	-0,052	99,440	5,28	
16,600	-1,093	-0,178	-4,468	-0,0261	-0,004	-0,107	99,580	5,27	
16,650	-1,096	-0,524	-5,533	-0,0262	-0,013	-0,132	99,545	5,28	
16,700	-1,129	-0,916	-3,089	-0,0270	-0,022	-0,074	99,973	5,27	
16,750	-1,208	-0,984	1,902	-0,0288	-0,024	0,045	100,959	5,27	
16,800	-1,257	-0,644	5,463	-0,0300	-0,015	0,130	101,910	5,27	
16,850	-1,264	-0,225	5,288	-0,0302	-0,005	0,126	102,032	5,27	
16,900	-1,266	-0,037	2,880	-0,0302	-8,750E-4	0,069	101,973	5,28	
16,950	-1,266	-0,005	0,873	-0,0302	-1,250E-4	0,021	101,947	5,27	
17,000	-1,266	0,000	0,122	-0,0302	0,000	0,003	101,896	5,27	68,5
17,050	-1,266	0,000	-0,052	-0,0302	0,000	-0,001	101,896	5,28	
17,100	-1,266	-0,005	-0,122	-0,0302	-1,250E-4	-0,003	101,877	5,27	
17,150	-1,266	-0,016	-0,140	-0,0302	-3,750E-4	-0,003	101,827	5,27	
17,200	-1,268	-0,021	-0,122	-0,0303	-5,000E-4	-0,003	101,827	5,27	
17,250	-1,269	-0,026	-0,105	-0,0303	-6,250E-4	-0,002	101,861	5,27	
17,300	-1,269	-0,031	-0,087	-0,0303	-7,500E-4	-0,002	101,813	5,27	
17,350	-1,272	-0,037	-0,035	-0,0304	-8,750E-4	-8,333E-4	101,800	5,27	
17,400	-1,274	-0,037	0,017	-0,0304	-8,750E-4	4,167E-4	101,837	5,27	
17,450	-1,275	-0,031	0,035	-0,0304	-7,500E-4	8,333E-4	101,837	5,27	
17,500	-1,277	-0,031	0,017	-0,0305	-7,500E-4	4,167E-4	101,796	5,27	68,5
17,550	-1,279	-0,031	0,000	-0,0305	-7,500E-4	3,469E-16	101,820	5,27	
17,600	-1,280	-0,031	-1,665E-14	-0,0306	-7,500E-4	-1,605E-16	101,818	5,27	
17,650	-1,282	-0,031	0,017	-0,0306	-7,500E-4	4,167E-4	101,809	5,27	
17,700	-1,283	-0,031	0,052	-0,0306	-7,500E-4	0,001	101,820	5,27	
17,750	-1,285	-0,026	0,070	-0,0307	-6,250E-4	0,002	101,802	5,27	
17,800	-1,286	-0,021	0,035	-0,0307	-5,000E-4	8,333E-4	101,877	5,27	
17,850	-1,286	-0,021	-0,035	-0,0307	-5,000E-4	-8,333E-4	101,831	5,27	
17,900	-1,288	-0,026	-0,052	-0,0307	-6,250E-4	-0,001	101,851	5,27	
17,950	-1,290	-0,031	1,603E-14	-0,0308	-7,500E-4	2,602E-16	101,824	5,27	
18,000	-1,291	-0,026	0,052	-0,0308	-6,250E-4	0,001	101,829	5,27	68,5
18,050	-1,293	-0,021	0,052	-0,0309	-5,000E-4	0,001	101,853	5,27	
18,100	-1,293	-0,021	-8,604E-15	-0,0309	-5,000E-4	-4,922E-16	101,835	5,27	
18,150	-1,294	-0,021	-0,035	-0,0309	-5,000E-4	-8,333E-4	101,813	5,27	
18,200	-1,296	-0,026	-0,035	-0,0309	-6,250E-4	-8,333E-4	101,842	5,27	
18,250	-1,296	-0,026	1,561E-15	-0,0309	-6,250E-4	3,838E-16	101,811	5,27	
18,300	-1,299	-0,026	0,052	-0,0310	-6,250E-4	0,001	101,818	5,27	
18,350	-1,299	-0,021	0,052	-0,0310	-5,000E-4	0,001	101,831	5,27	
18,400	-1,301	-0,016	5,829E-15	-0,0310	-3,750E-4	-4,998E-16	101,831	5,27	
18,450	-1,301	-0,021	-0,052	-0,0310	-5,000E-4	-0,001	101,802	5,28	
18,500	-1,302	-0,026	-0,035	-0,0311	-6,250E-4	-8,333E-4	101,811	5,28	68,5
18,550	-1,304	-0,026	0,017	-0,0311	-6,250E-4	4,167E-4	101,822	5,27	
18,600	-1,305	-0,021	0,035	-0,0312	-5,000E-4	8,333E-4	101,824	5,26	
18,650	-1,305	-0,021	0,017	-0,0312	-5,000E-4	4,167E-4	101,816	5,26	
18,700	-1,307	-0,021	2,345E-14	-0,0312	-5,000E-4	-2,017E-16	101,840	5,27	
18,750	-1,308	-0,021	1,249E-15	-0,0312	-5,000E-4	2,927E-17	101,857	5,27	
18,800	-1,308	-0,021	-2,220E-14	-0,0312	-5,000E-4	-1,149E-16	101,818	5,27	
18,850	-1,310	-0,021	0,017	-0,0313	-5,000E-4	4,167E-4	101,829	5,27	
18,900	-1,312	-0,021	0,035	-0,0313	-5,000E-4	8,333E-4	101,844	5,27	
18,950	-1,312	-0,016	0,017	-0,0313	-3,750E-4	4,167E-4	101,816	5,27	
19,000	-1,313	-0,016	-0,017	-0,0313	-3,750E-4	-4,167E-4	101,855	5,27	68,4
19,050	-1,313	-0,021	-0,035	-0,0313	-5,000E-4	-8,333E-4	101,811	5,26	
19,100	-1,315	-0,021	-8,639E-15	-0,0314	-5,000E-4	-4,922E-16	101,831	5,27	
19,150	-1,316	-0,021	0,035	-0,0314	-5,000E-4	8,333E-4	101,827	5,26	
19,200	-1,316	-0,016	0,035	-0,0314	-3,750E-4	8,333E-4	101,829	5,27	
19,250	-1,318	-0,016	0,017	-0,0315	-3,750E-4	4,167E-4	101,818	5,26	
19,300	-1,318	-0,016	8,327E-15	-0,0315	-3,750E-4	7,167E-16	101,809	5,27	
19,350	-1,319	-0,016	2,220E-14	-0,0315	-3,750E-4	2,315E-16	101,783	5,27	
19,400	-1,319	-0,016	1,388E-14	-0,0315	-3,750E-4	-2,277E-17	101,792	5,27	
19,450	-1,321	-0,016	0,017	-0,0315	-3,750E-4	4,167E-4	101,831	5,27	
19,500	-1,321	-0,016	0,035	-0,0315	-3,750E-4	8,333E-4	101,813	5,26	68,4
19,550	-1,323	-0,010	0,017	-0,0316	-2,500E-4	4,167E-4	101,816	5,27	
19,600	-1,323	-0,010	-0,035	-0,0316	-2,500E-4	-8,333E-4	101,802	5,26	
19,650	-1,323	-0,016	-0,052	-0,0316	-3,750E-4	-0,001	101,796	5,27	
19,700	-1,324	-0,021	6,765E-15	-0,0316	-5,000E-4	2,168E-16	101,833	5,27	
19,750	-1,326	-0,016	0,052	-0,0316	-3,750E-4	0,001	101,789	5,26	
19,800	-1,326	-0,010	0,035	-0,0316	-2,500E-4	8,333E-4	101,796	5,27	
19,850	-1,326	-0,010	-0,017	-0,0316	-2,500E-4	-4,167E-4	101,809	5,26	
19,900	-1,327	-0,016	-0,035	-0,0317	-3,750E-4	-8,333E-4	101,827	5,27	
19,950	-1,327	-0,016	-0,017	-0,0317	-3,750E-4	-4,167E-4	101,831	5,27	
20,000	-1,329	-0,016	-6,488E-15	-0,0317	-3,750E-4	-6,711E-16	101,800	5,27	68,4
20,050	-1,329	-0,016	9,021E-16	-0,0317	-3,750E-4	-4,402E-16	101,837	5,27	
20,100	-1,330	-0,016	0,000	-0,0318	-3,750E-4	4,624E-16	101,844	5,27	
20,150	-1,330	-0,016	6,488E-15	-0,0318	-3,750E-4	6,711E-16	101,802	5,26	
20,200	-1,332	-0,016	2,130E-14	-0,0318	-3,750E-4	2,087E-16	101,811	5,27	
20,250	-1,332	-0,016	1,572E-14	-0,0318	-3,750E-4	2,277E-17	101,820	5,27	
20,300	-1,334	-0,016	0,017	-0,0318	-3,750E-4	4,167E-4	101,824	5,26	
20,350	-1,334	-0,016	0,035	-0,0318	-3,750E-4	8,333E-4	101,824	5,26	
20,400	-1,335	-0,010	0,035	-0,0319	-2,500E-4	8,333E-4	101,818	5,26	
20,450	-1,335	-0,010	-9,194E-16	-0,0319	-2,500E-4	-4,846E-16	101,805	5,27	
20,500	-1,335	-0,010	-0,035	-0,0319	-2,500E-4	-8,333E-4	101,833	5,27	68,4
20,550	-1,337	-0,016	-0,035	-0,0319	-3,750E-4	-8,333E-4	101,818	5,26	
20,600	-1,337	-0,016	-0,017	-0,0319	-3,750E-4	-4,167E-4	101,787	5,26	
20,650	-1,338	-0,016	0,017	-0,0319	-3,750E-4	4,167E-4	101,802	5,27	
20,700	-1,338	-0,016	0,035	-0,0319	-3,750E-4	8,333E-4	101,809	5,26	
20,750	-1,340	-0,010	0,035	-0,0320	-2,500E-4	8,333E-4	101,824	5,26	
20,800	-1,340	-0,010	-2,160E-14	-0,0320	-2,500E-4	2,456E-16	101,859	5,26	
20,850	-1,340	-0,010	-0,035	-0,0320	-2,500E-4	-8,333E-4	101,848	5,26	
20,900	-1,341	-0,016	-0,017	-0,0320	-3,750E-4	-4,167E-4	101,818	5,26	
20,950	-1,341	-0,016	0,017	-0,0320	-3,750E-4	4,167E-4	101,816	5,26	
21,000	-1,343	-0,010	0,035	-0,0321	-2,500E-4	8,333E-4	101,833	5,26	68,4
21,050	-1,343	-0,010	6,072E-16	-0,0321	-2,500E-4	4,770E-16	101,787	5,26	
21,100	-1,343	-0,010	-0,035	-0,0321	-2,500E-4	-8,333E-4	101,824	5,27	
21,150	-1,345	-0,016	-0,017	-0,0321	-3,750E-4	-4,167E-4	101,822	5,26	
21,200	-1,345	-0,016	0,017	-0,0321	-3,750E-4	4,167E-4	101,809	5,26	
21,250	-1,346	-0,010	0,035	-0,0321	-2,500E-4	8,333E-4	101,853	5,26	
21,300	-1,346	-0,010	-6,800E-15	-0,0321	-2,500E-4	2,456E-16	101,811	5,26	
21,350	-1,346	-0,010	-0,035	-0,0321	-2,500E-4	-8,333E-4	101,805	5,26	
21,400	-1,348	-0,016	-0,017	-0,0322	-3,750E-4	-4,167E-4	101,813	5,27	
21,450	-1,348	-0,016	0,017	-0,0322	-3,750E-4	4,167E-4	101,792	5,26	
21,500	-1,349	-0,010	0,035	-0,0322	-2,500E-4	8,333E-4	101,798	5,26	68,4
21,550	-1,349	-0,010	0,017	-0,0322	-2,500E-4	4,167E-4	101,824	5,26	
21,600	-1,349	-0,010	0,000	-0,0322	-2,500E-4	4,630E-16	101,800	5,26	
21,650	-1,351	-0,010	-8,032E-15	-0,0323	-2,500E-4	2,163E-16	101,831	5,27	
21,700	-1,351	-0,010	-6,245E-16	-0,0323	-2,500E-4	-2,461E-16	101,807	5,26	
21,750	-1,351	-0,010	8,032E-15	-0,0323	-2,500E-4	-2,163E-16	101,831	5,26	
21,800	-1,352	-0,010	1,542E-14	-0,0323	-2,500E-4	2,461E-16	101,783	5,26	
21,850	-1,352	-0,010	-0,017	-0,0323	-2,500E-4	-4,167E-4	101,842	5,26	
21,900	-1,352	-0,010	-0,035	-0,0323	-2,500E-4	-8,333E-4	101,805	5,26	
21,950	-1,354	-0,016	-0,017	-0,0323	-3,750E-4	-4,167E-4	101,772	5,26	
22,000	-1,354	-0,016	0,017	-0,0323	-3,750E-4	4,167E-4	101,789	5,26	68,4
22,050	-1,356	-0,010	0,035	-0,0324	-2,500E-4	8,333E-4	101,824	5,26	
22,100	-1,356	-0,010	0,017	-0,0324	-2,500E-4	4,167E-4	101,792	5,26	
22,150	-1,356	-0,010	6,783E-15	-0,0324	-2,500E-4	4,478E-16	101,818	5,26	
22,200	-1,357	-0,010	2,897E-14	-0,0324	-2,500E-4	2,163E-16	101,829	5,26	
22,250	-1,357	-0,010	1,542E-14	-0,0324	-2,500E-4	-2,163E-16	101,827	5,26	
22,300	-1,357	-0,010	-6,765E-15	-0,0324	-2,500E-4	-2,163E-16	101,827	5,26	
22,350	-1,359	-0,010	-1,480E-14	-0,0324	-2,500E-4	2,315E-16	101,778	5,27	
22,400	-1,359	-0,010	-8,032E-15	-0,0324	-2,500E-4	2,163E-16	101,805	5,25	
22,450	-1,359	-0,010	-8,032E-15	-0,0324	-2,500E-4	-2,461E-16	101,778	5,26	
22,500	-1,360	-0,010	-1,417E-14	-0,0325	-2,500E-4	-4,478E-16	101,816	5,26	68,4
22,550	-1,360	-0,010	6,245E-16	-0,0325	-2,500E-4	-2,168E-16	101,800	5,26	
22,600	-1,360	-0,010	1,480E-14	-0,0325	-2,500E-4	0,000	101,809	5,26	
22,650	-1,362	-0,010	6,783E-15	-0,0325	-2,500E-4	-1,464E-17	101,824	5,26	
22,700	-1,362	-0,010	6,783E-15	-0,0325	-2,500E-4	2,168E-16	101,829	5,26	
22,750	-1,362	-0,010	6,245E-16	-0,0325	-2,500E-4	4,776E-16	101,807	5,25	
22,800	-1,363	-0,010	-6,783E-15	-0,0326	-2,500E-4	2,461E-16	101,796	5,26	
22,850	-1,363	-0,010	0,000	-0,0326	-2,500E-4	-2,315E-16	101,840	5,26	
22,900	-1,363	-0,010	6,783E-15	-0,0326	-2,500E-4	-2,461E-16	101,820	5,26	
22,950	-1,365	-0,010	1,417E-14	-0,0326	-2,500E-4	2,163E-16	101,822	5,26	
23,000	-1,365	-0,010	-6,783E-15	-0,0326	-2,500E-4	2,461E-16	101,827	5,27	68,4
23,050	-1,365	-0,010	0,017	-0,0326	-2,500E-4	4,167E-4	101,831	5,25	
23,100	-1,367	-0,010	0,035	-0,0326	-2,500E-4	8,333E-4	101,794	5,26	
23,150	-1,367	-0,005	0,017	-0,0326	-1,250E-4	4,167E-4	101,824	5,26	
23,200	-1,367	-0,005	-0,035	-0,0326	-1,250E-4	-8,333E-4	101,831	5,26	
23,250	-1,367	-0,010	-0,070	-0,0326	-2,500E-4	-0,002	101,805	5,26	
23,300	-1,368	-0,016	-0,035	-0,0327	-3,750E-4	-8,333E-4	101,809	5,26	
23,350	-1,368	-0,016	0,017	-0,0327	-3,750E-4	4,167E-4	101,842	5,26	
23,400	-1,370	-0,010	0,035	-0,0327	-2,500E-4	8,333E-4	101,822	5,26	
23,450	-1,370	-0,010	0,017	-0,0327	-2,500E-4	4,167E-4	101,809	5,26	
23,500	-1,370	-0,010	-6,765E-15	-0,0327	-2,500E-4	-2,163E-16	101,813	5,26	68,3
23,550	-1,371	-0,010	-1,417E-14	-0,0327	-2,500E-4	2,461E-16	101,798	5,26	
23,600	-1,371	-0,010	-7,407E-15	-0,0327	-2,500E-4	2,315E-16	101,800	5,26	
23,650	-1,371	-0,010	-8,032E-15	-0,0327	-2,500E-4	-2,461E-16	101,816	5,26	
23,700	-1,373	-0,010	-1,542E-14	-0,0328	-2,500E-4	-4,776E-16	101,774	5,27	
23,750	-1,373	-0,010	6,245E-16	-0,0328	-2,500E-4	-2,168E-16	101,835	5,27	
23,800	-1,373	-0,010	1,542E-14	-0,0328	-2,500E-4	1,464E-17	101,794	5,26	
23,850	-1,374	-0,010	7,407E-15	-0,0328	-2,500E-4	0,000	101,816	5,26	
23,900	-1,374	-0,010	6,783E-15	-0,0328	-2,500E-4	2,168E-16	101,848	5,26	
23,950	-1,374	-0,010	0,017	-0,0328	-2,500E-4	4,167E-4	101,809	5,26	
24,000	-1,376	-0,010	0,035	-0,0329	-2,500E-4	8,333E-4	101,794	5,26	68,3
24,050	-1,376	-0,005	0,017	-0,0329	-1,250E-4	4,167E-4	101,813	5,26	
24,100	-1,376	-0,005	-0,017	-0,0329	-1,250E-4	-4,167E-4	101,818	5,27	
24,150	-1,376	-0,010	-0,017	-0,0329	-2,500E-4	-4,167E-4	101,807	5,26	
24,200	-1,378	-0,010	0,017	-0,0329	-2,500E-4	4,167E-4	101,844	5,26	
24,250	-1,378	-0,005	0,017	-0,0329	-1,250E-4	4,167E-4	101,794	5,26	
24,300	-1,378	-0,005	-0,035	-0,0329	-1,250E-4	-8,333E-4	101,813	5,26	
24,350	-1,378	-0,010	-0,070	-0,0329	-2,500E-4	-0,002	101,800	5,26	
24,400	-1,379	-0,016	-0,035	-0,0329	-3,750E-4	-8,333E-4	101,816	5,26	
24,450	-1,379	-0,016	0,035	-0,0329	-3,750E-4	8,333E-4	101,802	5,26	
24,500	-1,381	-0,010	0,070	-0,0330	-2,500E-4	0,002	101,763	5,26	68,3
24,550	-1,381	-0,005	0,035	-0,0330	-1,250E-4	8,333E-4	101,835	5,26	
24,600	-1,381	-0,005	-0,017	-0,0330	-1,250E-4	-4,167E-4	101,787	5,26	
24,650	-1,381	-0,010	-0,035	-0,0330	-2,500E-4	-8,333E-4	101,789	5,26	
24,700	-1,382	-0,010	-0,017	-0,0330	-2,500E-4	-4,167E-4	101,809	5,26	
24,750	-1,382	-0,010	1,542E-14	-0,0330	-2,500E-4	-2,163E-16	101,816	5,26	
24,800	-1,382	-0,010	-6,765E-15	-0,0330	-2,500E-4	-2,163E-16	101,811	5,27	
24,850	-1,384	-0,010	-1,480E-14	-0,0330	-2,500E-4	2,315E-16	101,805	5,27	
24,900	-1,384	-0,010	-8,032E-15	-0,0330	-2,500E-4	2,163E-16	101,813	5,26	
24,950	-1,384	-0,010	0,017	-0,0330	-2,500E-4	4,167E-4	101,800	5,27	
25,000	-1,385	-0,010	0,035	-0,0331	-2,500E-4	8,333E-4	101,816	5,26	68,3
25,050	-1,385	-0,005	0,017	-0,0331	-1,250E-4	4,167E-4	101,809	5,27	
25,100	-1,385	-0,005	-0,017	-0,0331	-1,250E-4	-4,167E-4	101,796	5,26	
25,150	-1,385	-0,010	-0,035	-0,0331	-2,500E-4	-8,333E-4	101,824	5,27	
25,200	-1,387	-0,010	-0,017	-0,0331	-2,500E-4	-4,167E-4	101,800	5,27	
25,250	-1,387	-0,010	8,032E-15	-0,0331	-2,500E-4	2,461E-16	101,798	5,26	
25,300	-1,387	-0,010	0,017	-0,0331	-2,500E-4	4,167E-4	101,805	5,26	
25,350	-1,389	-0,010	0,052	-0,0332	-2,500E-4	0,001	101,833	5,27	
25,400	-1,389	-0,005	0,070	-0,0332	-1,250E-4	0,002	101,807	5,27	
25,450	-1,389	0,000	0,035	-0,0332	0,000	8,333E-4	101,772	5,27	
25,500	-1,389	0,000	-0,052	-0,0332	0,000	-0,001	101,837	5,26	68,2
25,550	-1,389	-0,005	-0,122	-0,0332	-1,250E-4	-0,003	101,781	5,26	
25,600	-1,389	-0,016	-0,105	-0,0332	-3,750E-4	-0,003	101,794	5,27	
25,650	-1,390	-0,021	6,471E-15	-0,0332	-5,000E-4	-2,526E-16	101,802	5,27	
25,700	-1,392	-0,016	0,087	-0,0332	-3,750E-4	0,002	101,807	5,27	
25,750	-1,392	-0,005	0,070	-0,0332	-1,250E-4	0,002	101,796	5,26	
25,800	-1,392	-0,005	-0,017	-0,0332	-1,250E-4	-4,167E-4	101,763	5,27	
25,850	-1,392	-0,010	-0,070	-0,0332	-2,500E-4	-0,002	101,811	5,27	
25,900	-1,393	-0,016	-0,035	-0,0333	-3,750E-4	-8,333E-4	101,805	5,27	
25,950	-1,393	-0,016	0,035	-0,0333	-3,750E-4	8,333E-4	101,783	5,26	
26,000	-1,395	-0,010	0,070	-0,0333	-2,500E-4	0,002	101,783	5,26	68,2
26,050	-1,395	-0,005	0,035	-0,0333	-1,250E-4	8,333E-4	101,796	5,27	
26,100	-1,395	-0,005	-0,035	-0,0333	-1,250E-4	-8,333E-4	101,802	5,27	
26,150	-1,395	-0,010	-0,070	-0,0333	-2,500E-4	-0,002	101,787	5,27	
26,200	-1,396	-0,016	-0,035	-0,0333	-3,750E-4	-8,333E-4	101,820	5,27	
26,250	-1,396	-0,016	0,035	-0,0333	-3,750E-4	8,333E-4	101,829	5,27	
26,300	-1,398	-0,010	0,087	-0,0334	-2,500E-4	0,002	101,796	5,27	
26,350	-1,398	-0,005	0,087	-0,0334	-1,250E-4	0,002	101,794	5,28	
26,400	-1,398	0,000	0,052	-0,0334	0,000	0,001	101,840	5,27	
26,450	-1,398	0,000	0,017	-0,0334	0,000	4,167E-4	101,798	5,27	
26,500	-1,398	0,000	0,000	-0,0334	0,000	0,000	101,789	5,27	68,2
26,550	-1,398	0,000	0,000	-0,0334	0,000	0,000	101,853	5,27	
26,600	-1,398	0,000	0,000	-0,0334	0,000	0,000	101,752	5,28	
26,650	-1,398	0,000	0,000	-0,0334	0,000	0,000	101,776	5,27	
26,700	-1,398	0,000	0,000	-0,0334	0,000	0,000	101,776	5,28	
26,750	-1,398	0,000	0,000	-0,0334	0,000	0,000	101,765	5,27	
26,800	-1,398	0,000	0,000	-0,0334	0,000	0,000	101,737	5,27	
26,850	-1,398	0,000	0,000	-0,0334	0,000	0,000	101,763	5,27	
26,900	-1,398	0,000	0,000	-0,0334	0,000	0,000	101,765	5,28	
26,950	-1,398	0,000	0,000	-0,0334	0,000	0,000	101,757	5,28	
27,000	-1,398	0,000	0,000	-0,0334	0,000	0,000	101,746	5,28	68,2
27,050	-1,398	0,000	0,000	-0,0334	0,000	0,000	101,763	5,28	
27,100	-1,398	0,000	0,000	-0,0334	0,000	0,000	101,761	5,28	
27,150	-1,398	0,000	0,000	-0,0334	0,000	0,000	101,746	5,28	
27,200	-1,398	0,000	0,000	-0,0334	0,000	0,000	101,713	5,28	
27,250	-1,398	0,000	0,000	-0,0334	0,000	0,000	101,733	5,28	
27,300	-1,398	0,000	0,000	-0,0334	0,000	0,000	101,713	5,28	
27,350	-1,398	0,000	0,000	-0,0334	0,000	0,000	101,689	5,29	
27,400	-1,398	0,000	0,000	-0,0334	0,000	0,000	101,713	5,28	
27,450	-1,398	0,000	0,017	-0,0334	0,000	4,167E-4	101,702	5,28	
27,500	-1,398	0,000	0,227	-0,0334	0,000	0,005	101,702	5,28	68,2
27,550	-1,398	0,005	0,925	-0,0334	1,250E-4	0,022	101,757	5,28	
27,600	-1,398	0,063	2,059	-0,0334	0,002	0,049	101,947	5,28	
27,650	-1,396	0,215	3,002	-0,0333	0,005	0,072	102,146	5,28	
27,700	-1,381	0,408	3,089	-0,0330	0,010	0,074	102,187	5,28	
27,750	-1,351	0,560	2,391	-0,0323	0,013	0,057	102,100	5,29	
27,800	-1,321	0,644	1,536	-0,0315	0,015	0,037	102,170	5,29	
27,850	-1,288	0,696	0,890	-0,0308	0,017	0,021	102,187	5,29	
27,900	-1,250	0,733	0,384	-0,0299	0,018	0,009	102,148	5,29	
27,950	-1,213	0,738	-0,070	-0,0290	0,018	-0,002	102,091	5,29	
28,000	-1,177	0,717	-0,367	-0,0281	0,017	-0,009	102,150	5,29	68,2
28,050	-1,140	0,691	-0,454	-0,0272	0,017	-0,011	102,122	5,30	
28,100	-1,107	0,670	-0,436	-0,0264	0,016	-0,010	102,130	5,29	
28,150	-1,074	0,649	-0,436	-0,0257	0,016	-0,010	102,152	5,29	
28,200	-1,041	0,628	-0,454	-0,0249	0,015	-0,011	102,126	5,30	
28,250	-1,012	0,602	-0,436	-0,0242	0,014	-0,010	102,130	5,30	
28,300	-0,982	0,581	-0,367	-0,0234	0,014	-0,009	102,106	5,30	
28,350	-0,953	0,565	-0,262	-0,0228	0,013	-0,006	102,148	5,30	
28,400	-0,925	0,555	-0,192	-0,0221	0,013	-0,005	102,119	5,30	
28,450	-0,898	0,550	-0,192	-0,0215	0,013	-0,005	102,119	5,30	
28,500	-0,870	0,539	-0,262	-0,0208	0,013	-0,006	102,108	5,30	68,2
28,550	-0,844	0,524	-0,332	-0,0201	0,013	-0,008	102,139	5,30	
28,600	-0,818	0,503	-0,332	-0,0195	0,012	-0,008	102,080	5,29	
28,650	-0,793	0,487	-0,262	-0,0189	0,012	-0,006	102,132	5,31	
28,700	-0,770	0,476	-0,175	-0,0184	0,011	-0,004	102,117	5,30	
28,750	-0,746	0,471	-0,140	-0,0178	0,011	-0,003	102,100	5,30	
28,800	-0,723	0,466	-0,175	-0,0173	0,011	-0,004	102,095	5,30	
28,850	-0,699	0,456	-0,262	-0,0167	0,011	-0,006	102,130	5,31	
28,900	-0,677	0,440	-0,349	-0,0162	0,011	-0,008	102,093	5,31	
28,950	-0,655	0,419	-0,401	-0,0156	0,010	-0,010	102,102	5,30	
29,000	-0,635	0,398	-0,419	-0,0152	0,010	-0,010	102,106	5,31	68,1
29,050	-0,616	0,377	-0,419	-0,0147	0,009	-0,010	102,102	5,31	
29,100	-0,597	0,356	-0,419	-0,0143	0,008	-0,010	102,095	5,31	
29,150	-0,580	0,335	-0,401	-0,0138	0,008	-0,010	102,108	5,30	
29,200	-0,564	0,314	-0,349	-0,0135	0,008	-0,008	102,117	5,31	
29,250	-0,548	0,298	-0,262	-0,0131	0,007	-0,006	102,100	5,31	
29,300	-0,534	0,288	-0,157	-0,0128	0,007	-0,004	102,117	5,31	
29,350	-0,520	0,283	-0,087	-0,0124	0,007	-0,002	102,087	5,31	
29,400	-0,506	0,283	-0,087	-0,0121	0,007	-0,002	102,102	5,32	
29,450	-0,492	0,278	-0,122	-0,0117	0,007	-0,003	102,100	5,31	
29,500	-0,478	0,267	-0,122	-0,0114	0,006	-0,003	102,126	5,32	67,9
29,550	-0,465	0,262	-0,087	-0,0111	0,006	-0,002	102,104	5,31	
29,600	-0,452	0,262	-0,087	-0,0108	0,006	-0,002	102,132	5,32	
29,650	-0,438	0,257	-0,140	-0,0105	0,006	-0,003	102,111	5,31	
29,700	-0,426	0,246	-0,175	-0,0102	0,006	-0,004	102,106	5,32	
29,750	-0,415	0,236	-0,157	-0,0099	0,006	-0,004	102,115	5,32	
29,800	-0,402	0,230	-0,140	-0,0096	0,006	-0,003	102,117	5,31	
29,850	-0,391	0,225	-0,140	-0,0093	0,005	-0,003	102,104	5,32	
29,900	-0,380	0,215	-0,157	-0,0091	0,005	-0,004	102,146	5,32	
29,950	-0,369	0,209	-0,175	-0,0088	0,005	-0,004	102,117	5,32	
30,000	-0,360	0,199	-0,175	-0,0086	0,005	-0,004	102,139	5,32	67,8
30,050	-0,349	0,188	-0,157	-0,0083	0,005	-0,004	102,141	5,32	
30,100	-0,341	0,183	-0,122	-0,0081	0,004	-0,003	102,104	5,32	
30,150	-0,331	0,178	-0,140	-0,0079	0,004	-0,003	102,126	5,32	
30,200	-0,322	0,173	-0,192	-0,0077	0,004	-0,005	102,104	5,32	
30,250	-0,314	0,157	-0,209	-0,0075	0,004	-0,005	102,115	5,33	
30,300	-0,306	0,147	-0,175	-0,0073	0,004	-0,004	102,111	5,32	
30,350	-0,300	0,141	-0,122	-0,0072	0,003	-0,003	102,130	5,32	
30,400	-0,292	0,136	-0,105	-0,0070	0,003	-0,002	102,146	5,33	
30,450	-0,286	0,131	-0,087	-0,0068	0,003	-0,002	102,135	5,33	
30,500	-0,280	0,126	-0,052	-0,0067	0,003	-0,001	102,154	5,33	67,6
30,550	-0,273	0,126	-0,035	-0,0065	0,003	-8,333E-4	102,119	5,33	
30,600	-0,267	0,126	-0,052	-0,0064	0,003	-0,001	102,161	5,32	
30,650	-0,261	0,120	-0,087	-0,0062	0,003	-0,002	102,161	5,33	
30,700	-0,254	0,115	-0,105	-0,0061	0,003	-0,002	102,128	5,33	
30,750	-0,250	0,110	-0,087	-0,0060	0,003	-0,002	102,135	5,33	
30,800	-0,243	0,105	-0,052	-0,0058	0,002	-0,001	102,108	5,32	
30,850	-0,239	0,105	-0,017	-0,0057	0,002	-4,167E-4	102,135	5,33	
30,900	-0,234	0,105	-0,017	-0,0056	0,003	-4,167E-4	102,157	5,34	
30,950	-0,228	0,105	-0,052	-0,0054	0,003	-0,001	102,104	5,34	
31,000	-0,223	0,099	-0,070	-0,0053	0,002	-0,002	102,126	5,34	67,4
31,050	-0,218	0,094	-0,070	-0,0052	0,002	-0,002	102,148	5,34	
31,100	-0,214	0,094	-0,070	-0,0051	0,002	-0,002	102,146	5,33	
31,150	-0,209	0,089	-0,070	-0,0050	0,002	-0,002	102,159	5,34	
31,200	-0,204	0,084	-0,052	-0,0049	0,002	-0,001	102,143	5,34	
31,250	-0,201	0,084	-0,035	-0,0048	0,002	-8,333E-4	102,132	5,34	
31,300	-0,196	0,084	-0,052	-0,0047	0,002	-0,001	102,161	5,33	
31,350	-0,192	0,079	-0,070	-0,0046	0,002	-0,002	102,196	5,34	
31,400	-0,188	0,073	-0,035	-0,0045	0,002	-8,333E-4	102,170	5,33	
31,450	-0,185	0,073	0,017	-0,0044	0,002	4,167E-4	102,161	5,34	
31,500	-0,181	0,079	0,017	-0,0043	0,002	4,167E-4	102,157	5,33	67,2
31,550	-0,178	0,079	-0,017	-0,0042	0,002	-4,167E-4	102,141	5,34	
31,600	-0,173	0,073	-0,035	-0,0041	0,002	-8,333E-4	102,126	5,34	
31,650	-0,170	0,073	-0,017	-0,0041	0,002	-4,167E-4	102,148	5,35	
31,700	-0,167	0,073	-0,017	-0,0040	0,002	-4,167E-4	102,152	5,34	
31,750	-0,162	0,073	-0,052	-0,0039	0,002	-0,001	102,126	5,35	
31,800	-0,159	0,068	-0,070	-0,0038	0,002	-0,002	102,154	5,34	
31,850	-0,156	0,063	-0,052	-0,0037	0,001	-0,001	102,137	5,35	
31,900	-0,152	0,063	-0,017	-0,0036	0,002	-4,167E-4	102,106	5,35	
31,950	-0,149	0,063	7,355E-15	-0,0036	0,001	2,082E-16	102,128	5,35	
32,000	-0,146	0,063	-0,017	-0,0035	0,002	-4,167E-4	102,141	5,36	67,1
32,050	-0,143	0,063	-0,052	-0,0034	0,002	-0,001	102,141	5,35	
32,100	-0,140	0,058	-0,070	-0,0033	0,001	-0,002	102,148	5,35	
32,150	-0,137	0,052	-0,035	-0,0033	0,001	-8,333E-4	102,132	5,35	
32,200	-0,135	0,052	0,035	-0,0032	0,001	8,333E-4	102,141	5,35	
32,250	-0,132	0,058	0,052	-0,0032	0,001	0,001	102,119	5,34	
32,300	-0,129	0,063	6,314E-15	-0,0031	0,002	1,344E-16	102,170	5,35	
32,350	-0,126	0,058	-0,070	-0,0030	0,001	-0,002	102,148	5,36	
32,400	-0,123	0,052	-0,087	-0,0029	0,001	-0,002	102,135	5,36	
32,450	-0,121	0,047	-0,052	-0,0029	0,001	-0,001	102,113	5,36	
32,500	-0,118	0,047	-0,017	-0,0028	0,001	-4,167E-4	102,124	5,35	67,1
32,550	-0,116	0,047	5,551E-15	-0,0028	0,001	1,063E-16	102,143	5,36	
32,600	-0,113	0,047	0,000	-0,0027	0,001	-1,301E-17	102,122	5,36	
32,650	-0,112	0,047	0,017	-0,0027	0,001	4,167E-4	102,146	5,36	
32,700	-0,108	0,047	0,035	-0,0026	0,001	8,333E-4	102,152	5,36	
32,750	-0,107	0,052	0,017	-0,0026	0,001	4,167E-4	102,130	5,36	
32,800	-0,104	0,052	-0,035	-0,0025	0,001	-8,333E-4	102,130	5,36	
32,850	-0,101	0,047	-0,070	-0,0024	0,001	-0,002	102,087	5,35	
32,900	-0,099	0,042	-0,052	-0,0024	0,001	-0,001	102,119	5,36	
32,950	-0,097	0,042	-0,035	-0,0023	1,000E-3	-8,333E-4	102,126	5,36	
33,000	-0,094	0,042	-0,052	-0,0023	1,000E-3	-0,001	102,098	5,36	67,1
33,050	-0,093	0,037	-0,070	-0,0022	8,750E-4	-0,002	102,098	5,36	
33,100	-0,091	0,031	-0,035	-0,0022	7,500E-4	-8,333E-4	102,130	5,36	
33,150	-0,090	0,031	0,035	-0,0021	7,500E-4	8,333E-4	102,117	5,36	
33,200	-0,088	0,037	0,070	-0,0021	8,750E-4	0,002	102,119	5,37	
33,250	-0,086	0,042	0,035	-0,0021	1,000E-3	8,333E-4	102,100	5,37	
33,300	-0,083	0,042	-0,035	-0,0020	0,001	-8,333E-4	102,098	5,37	
33,350	-0,082	0,037	-0,070	-0,0020	8,750E-4	-0,002	102,091	5,37	
33,400	-0,080	0,031	-0,052	-0,0019	7,500E-4	-0,001	102,124	5,37	
33,450	-0,079	0,031	-0,017	-0,0019	7,500E-4	-4,167E-4	102,139	5,37	
33,500	-0,077	0,031	0,000	-0,0018	7,500E-4	7,589E-18	102,091	5,37	67,0
33,550	-0,075	0,031	3,747E-15	-0,0018	7,500E-4	8,132E-17	102,095	5,37	
33,600	-0,074	0,031	0,000	-0,0018	7,500E-4	-8,674E-18	102,122	5,37	
33,650	-0,072	0,031	-3,747E-15	-0,0017	7,500E-4	-7,373E-17	102,122	5,37	
33,700	-0,071	0,031	0,000	-0,0017	7,500E-4	2,277E-17	102,135	5,37	
33,750	-0,069	0,031	0,017	-0,0017	7,500E-4	4,167E-4	102,098	5,37	
33,800	-0,068	0,031	0,052	-0,0016	7,500E-4	0,001	102,104	5,36	
33,850	-0,066	0,037	0,052	-0,0016	8,750E-4	0,001	102,126	5,37	
33,900	-0,064	0,042	-3,816E-15	-0,0015	0,001	-9,541E-17	102,119	5,38	
33,950	-0,061	0,037	-0,070	-0,0015	8,750E-4	-0,002	102,082	5,37	
34,000	-0,060	0,031	-0,070	-0,0014	7,500E-4	-0,002	102,115	5,37	66,8
34,050	-0,060	0,026	-0,017	-0,0014	6,250E-4	-4,167E-4	102,146	5,37	
34,100	-0,057	0,031	6,245E-16	-0,0014	7,500E-4	5,421E-18	102,132	5,38	
34,150	-0,057	0,031	-0,017	-0,0014	7,500E-4	-4,167E-4	102,119	5,38	
34,200	-0,053	0,026	-0,035	-0,0013	6,250E-4	-8,333E-4	102,115	5,38	
34,250	-0,053	0,026	-6,592E-16	-0,0013	6,250E-4	6,505E-18	102,128	5,38	
34,300	-0,052	0,026	0,035	-0,0012	6,250E-4	8,333E-4	102,102	5,38	
34,350	-0,050	0,031	0,035	-0,0012	7,500E-4	8,333E-4	102,100	5,38	
34,400	-0,049	0,031	-3,053E-15	-0,0012	7,500E-4	-8,782E-17	102,115	5,38	
34,450	-0,047	0,031	-0,052	-0,0011	7,500E-4	-0,001	102,141	5,37	
34,500	-0,046	0,026	-0,070	-0,0011	6,250E-4	-0,002	102,139	5,38	66,7
34,550	-0,044	0,021	-0,035	-0,0011	5,000E-4	-8,333E-4	102,084	5,39	
34,600	-0,044	0,021	0,017	-0,0011	5,000E-4	4,167E-4	102,076	5,38	
34,650	-0,042	0,026	0,017	-0,0010	6,250E-4	4,167E-4	102,111	5,38	
34,700	-0,041	0,026	-0,017	-9,7500E-4	6,250E-4	-4,167E-4	102,119	5,39	
34,750	-0,039	0,021	-0,017	-9,3750E-4	5,000E-4	-4,167E-4	102,111	5,39	
34,800	-0,039	0,021	0,017	-9,3750E-4	5,000E-4	4,167E-4	102,087	5,38	
34,850	-0,038	0,026	0,017	-9,0000E-4	6,250E-4	4,167E-4	102,117	5,39	
34,900	-0,036	0,026	-0,017	-8,6250E-4	6,250E-4	-4,167E-4	102,113	5,39	
34,950	-0,035	0,021	-0,035	-8,2500E-4	5,000E-4	-8,333E-4	102,106	5,39	
35,000	-0,035	0,021	-0,017	-8,2500E-4	5,000E-4	-4,167E-4	102,143	5,39	66,6
35,050	-0,033	0,021	-0,017	-7,8750E-4	5,000E-4	-4,167E-4	102,108	5,39	
35,100	-0,031	0,021	-0,035	-7,5000E-4	5,000E-4	-8,333E-4	102,100	5,39	
35,150	-0,031	0,016	-0,017	-7,5000E-4	3,750E-4	-4,167E-4	102,089	5,39	
35,200	-0,030	0,016	0,017	-7,1250E-4	3,750E-4	4,167E-4	102,111	5,39	
35,250	-0,030	0,021	0,035	-7,1250E-4	5,000E-4	8,333E-4	102,111	5,39	
35,300	-0,028	0,021	1,839E-15	-6,7500E-4	5,000E-4	4,445E-17	102,124	5,39	
35,350	-0,027	0,021	-0,035	-6,3750E-4	5,000E-4	-8,333E-4	102,117	5,39	
35,400	-0,027	0,016	-0,017	-6,3750E-4	3,750E-4	-4,167E-4	102,122	5,39	
35,450	-0,025	0,016	0,035	-6,0000E-4	3,750E-4	8,333E-4	102,098	5,39	
35,500	-0,025	0,021	0,070	-6,0000E-4	5,000E-4	0,002	102,080	5,39	66,6
35,550	-0,024	0,026	0,035	-5,6250E-4	6,250E-4	8,333E-4	102,084	5,39	
35,600	-0,022	0,026	-0,017	-5,2500E-4	6,250E-4	-4,167E-4	102,124	5,40	
35,650	-0,020	0,021	-0,017	-4,8750E-4	5,000E-4	-4,167E-4	102,098	5,39	
35,700	-0,020	0,021	0,035	-4,8750E-4	5,000E-4	8,333E-4	102,113	5,40	
35,750	-0,019	0,026	0,070	-4,5000E-4	6,250E-4	0,002	102,100	5,40	
35,800	-0,017	0,031	0,035	-4,1250E-4	7,500E-4	8,333E-4	102,078	5,40	
35,850	-0,016	0,031	-0,035	-3,7500E-4	7,500E-4	-8,333E-4	102,111	5,40	
35,900	-0,014	0,026	-0,070	-3,3750E-4	6,250E-4	-0,002	102,084	5,40	
35,950	-0,013	0,021	-0,035	-3,0000E-4	5,000E-4	-8,333E-4	102,080	5,40	
36,000	-0,013	0,021	0,035	-3,0000E-4	5,000E-4	8,333E-4	102,130	5,40	66,5
36,050	-0,011	0,026	0,070	-2,6250E-4	6,250E-4	0,002	102,089	5,40	
36,100	-0,009	0,031	0,052	-2,2500E-4	7,500E-4	0,001	102,106	5,40	
36,150	-0,008	0,031	-3,088E-15	-1,8750E-4	7,500E-4	-7,481E-17	102,111	5,41	
36,200	-0,006	0,031	-0,052	-1,5000E-4	7,500E-4	-0,001	102,100	5,41	
36,250	-0,005	0,026	-0,070	-1,1250E-4	6,250E-4	-0,002	102,135	5,40	
36,300	-0,003	0,021	-0,035	-7,5000E-5	5,000E-4	-8,333E-4	102,104	5,41	
36,350	-0,003	0,021	0,017	-7,5000E-5	5,000E-4	4,167E-4	102,115	5,41	
36,400	-0,002	0,026	0,017	-3,7500E-5	6,250E-4	4,167E-4	102,093	5,41	
36,450	-1,464E-14	0,026	-0,035	-8,4337E-17	6,250E-4	-8,333E-4	102,100	5,40	
36,500	0,002	0,021	-0,070	3,7500E-5	5,000E-4	-0,002	102,098	5,40	66,4
36,550	0,002	0,016	-0,052	3,7500E-5	3,750E-4	-0,001	102,115	5,41	
36,600	0,003	0,016	-0,017	7,5000E-5	3,750E-4	-4,167E-4	102,093	5,40	
36,650	0,003	0,016	-1,908E-15	7,5000E-5	3,750E-4	-4,499E-17	102,119	5,41	
36,700	0,005	0,016	6,939E-17	1,1250E-4	3,750E-4	0,000	102,102	5,41	
36,750	0,005	0,016	6,939E-17	1,1250E-4	3,750E-4	0,000	102,098	5,40	
36,800	0,006	0,016	1,804E-15	1,5000E-4	3,750E-4	4,391E-17	102,113	5,41	
36,850	0,006	0,016	-1,041E-16	1,5000E-4	3,750E-4	0,000	102,108	5,41	
36,900	0,008	0,016	-1,804E-15	1,8750E-4	3,750E-4	-4,391E-17	102,084	5,41	
36,950	0,008	0,016	1,388E-16	1,8750E-4	3,750E-4	-1,626E-18	102,100	5,42	
37,000	0,009	0,016	0,000	2,2500E-4	3,750E-4	5,421E-19	102,124	5,42	66,4
37,050	0,009	0,016	1,700E-15	2,2500E-4	3,750E-4	4,770E-17	102,076	5,42	
37,100	0,011	0,016	-1,388E-16	2,6250E-4	3,750E-4	3,253E-18	102,106	5,41	
37,150	0,011	0,016	-1,804E-15	2,6250E-4	3,750E-4	-4,445E-17	102,067	5,42	
37,200	0,013	0,016	1,735E-16	3,0000E-4	3,750E-4	-3,795E-18	102,124	5,42	
37,250	0,013	0,016	1,388E-16	3,0000E-4	3,750E-4	-1,626E-18	102,084	5,42	
37,300	0,014	0,016	-0,017	3,3750E-4	3,750E-4	-4,167E-4	102,106	5,42	
37,350	0,014	0,016	-0,052	3,3750E-4	3,750E-4	-0,001	102,113	5,43	
37,400	0,016	0,010	-0,070	3,7500E-4	2,500E-4	-0,002	102,132	5,41	
37,450	0,016	0,005	-0,035	3,7500E-4	1,250E-4	-8,333E-4	102,098	5,42	
37,500	0,016	0,005	0,017	3,7500E-4	1,250E-4	4,167E-4	102,117	5,42	66,3
37,550	0,016	0,010	0,017	3,7500E-4	2,500E-4	4,167E-4	102,113	5,42	
37,600	0,017	0,010	-0,017	4,1250E-4	2,500E-4	-4,167E-4	102,108	5,42	
37,650	0,017	0,005	-0,017	4,1250E-4	1,250E-4	-4,167E-4	102,073	5,43	
37,700	0,017	0,005	0,017	4,1250E-4	1,250E-4	4,167E-4	102,093	5,42	
37,750	0,017	0,010	0,017	4,1250E-4	2,500E-4	4,167E-4	102,122	5,42	
37,800	0,019	0,010	-0,035	4,5000E-4	2,500E-4	-8,333E-4	102,058	5,42	
37,850	0,019	0,005	-0,070	4,5000E-4	1,250E-4	-0,002	102,091	5,43	
37,900	0,019	0,000	-0,052	4,5000E-4	0,000	-0,001	102,098	5,42	
37,950	0,019	0,000	6,202E-16	4,5000E-4	0,000	1,660E-17	102,102	5,43	
38,000	0,019	0,000	0,052	4,5000E-4	0,000	0,001	102,095	5,42	66,3
38,050	0,019	0,005	0,070	4,5000E-4	1,250E-4	0,002	102,124	5,43	
38,100	0,019	0,010	0,035	4,5000E-4	2,500E-4	8,333E-4	102,122	5,43	
38,150	0,020	0,010	-0,035	4,8750E-4	2,500E-4	-8,333E-4	102,106	5,43	
38,200	0,020	0,005	-0,070	4,8750E-4	1,250E-4	-0,002	102,102	5,43	
38,250	0,020	0,000	-0,052	4,8750E-4	0,000	-0,001	102,098	5,44	
38,300	0,020	0,000	-0,017	4,8750E-4	0,000	-4,167E-4	102,067	5,43	
38,350	0,020	0,000	0,000	4,8750E-4	0,000	0,000	102,091	5,43	
38,400	0,020	0,000	0,000	4,8750E-4	0,000	0,000	102,087	5,44	
38,450	0,020	0,000	0,000	4,8750E-4	0,000	0,000	102,067	5,43	
38,500	0,020	0,000	0,000	4,8750E-4	0,000	0,000	102,100	5,44	66,3
38,550	0,020	0,000	0,000	4,8750E-4	0,000	0,000	102,098	5,43	
38,600	0,020	0,000	0,000	4,8750E-4	0,000	0,000	102,052	5,44	
38,650	0,020	0,000	0,000	4,8750E-4	0,000	0,000	102,137	5,44	
38,700	0,020	0,000	0,000	4,8750E-4	0,000	0,000	102,080	5,44	
38,750	0,020	0,000	0,000	4,8750E-4	0,000	0,000	102,091	5,44	
38,800	0,020	0,000	0,000	4,8750E-4	0,000	0,000	102,091	5,44	
38,850	0,020	0,000	0,000	4,8750E-4	0,000	0,000	102,067	5,44	
38,900	0,020	0,000	0,000	4,8750E-4	0,000	0,000	102,056	5,44	
38,950	0,020	0,000	0,000	4,8750E-4	0,000	0,000	102,054	5,44	
39,000	0,020	0,000	0,000	4,8750E-4	0,000	0,000	102,060	5,44	66,4
39,050	0,020	0,000	0,000	4,8750E-4	0,000	0,000	102,039	5,44	
39,100	0,020	0,000	0,000	4,8750E-4	0,000	0,000	102,056	5,44	
39,150	0,020	0,000	0,000	4,8750E-4	0,000	0,000	102,045	5,44	
39,200	0,020	0,000	0,000	4,8750E-4	0,000	0,000	102,023	5,45	
39,250	0,020	0,000	0,000	4,8750E-4	0,000	0,000	101,990	5,44	
39,300	0,020	0,000	0,000	4,8750E-4	0,000	0,000	101,988	5,45	
39,350	0,020	0,000	0,000	4,8750E-4	0,000	0,000	101,997	5,44	
39,400	0,020	0,000	0,000	4,8750E-4	0,000	0,000	102,006	5,44	
39,450	0,020	0,000	0,000	4,8750E-4	0,000	0,000	102,021	5,44	
39,500	0,020	0,000	0,000	4,8750E-4	0,000	0,000	101,986	5,45	66,5
39,550	0,020	0,000	0,000	4,8750E-4	0,000	0,000	101,940	5,45	
39,600	0,020	0,000	0,000	4,8750E-4	0,000	0,000	101,923	5,45	
39,650	0,020	0,000	0,000	4,8750E-4	0,000	0,000	101,936	5,44	
39,700	0,020	0,000	0,000	4,8750E-4	0,000	0,000	101,927	5,45	
39,750	0,020	0,000	0,000	4,8750E-4	0,000	0,000	101,868	5,44	
39,800	0,020	0,000	0,000	4,8750E-4	0,000	0,000	101,879	5,46	
39,850	0,020	0,000	0,000	4,8750E-4	0,000	0,000	101,877	5,45	
39,900	0,020	0,000	0,000	4,8750E-4	0,000	0,000	101,818	5,45	
39,950	0,020	0,000	0,000	4,8750E-4	0,000	0,000	101,816	5,46	
40,000	0,020	0,000	0,000	4,8750E-4	0,000	0,000	101,794	5,45	66,6
40,050	0,020	0,000	0,000	4,8750E-4	0,000	0,000	101,822	5,46	
40,100	0,020	0,000	-0,017	4,8750E-4	0,000	-4,167E-4	101,816	5,45	
40,150	0,020	0,000	-0,105	4,8750E-4	0,000	-0,003	101,787	5,46	
40,200	0,020	-0,005	-0,227	4,8750E-4	-1,250E-4	-0,005	101,789	5,46	
40,250	0,020	-0,026	-0,244	4,8750E-4	-6,250E-4	-0,006	101,772	5,45	
40,300	0,019	-0,042	-0,070	4,5000E-4	-1,000E-3	-0,002	101,805	5,46	
40,350	0,014	-0,037	0,175	3,3750E-4	-8,750E-4	0,004	101,890	5,46	
40,400	0,014	-0,016	0,262	3,3750E-4	-3,750E-4	0,006	101,842	5,45	
40,450	0,014	0,000	0,157	3,3750E-4	0,000	0,004	101,818	5,46	
40,500	0,014	0,000	1,856E-15	3,3750E-4	0,000	4,635E-17	101,840	5,46	66,8
40,550	0,014	-0,005	-0,070	3,3750E-4	-1,250E-4	-0,002	101,822	5,46	
40,600	0,014	-0,010	-0,035	3,3750E-4	-2,500E-4	-8,333E-4	101,827	5,46	
40,650	0,013	-0,010	0,035	3,0000E-4	-2,500E-4	8,333E-4	101,866	5,46	
40,700	0,013	-0,005	0,052	3,0000E-4	-1,250E-4	0,001	101,831	5,45	
40,750	0,013	0,000	1,353E-15	3,0000E-4	0,000	3,334E-17	101,827	5,47	
40,800	0,013	-0,005	-0,070	3,0000E-4	-1,250E-4	-0,002	101,835	5,46	
40,850	0,013	-0,010	-0,140	3,0000E-4	-2,500E-4	-0,003	101,857	5,46	
40,900	0,011	-0,016	-0,227	2,6250E-4	-3,750E-4	-0,005	101,809	5,46	
40,950	0,011	-0,031	-0,192	2,6250E-4	-7,500E-4	-0,005	101,835	5,46	
41,000	0,009	-0,052	0,855	2,2500E-4	-0,001	0,020	101,848	5,47	66,9
41,050	0,005	-0,031	3,072	1,1250E-4	-7,500E-4	0,073	101,938	5,47	
41,100	0,002	0,241	5,341	3,7500E-5	0,006	0,127	102,008	5,46	
41,150	0,009	0,597	5,428	2,2500E-4	0,014	0,130	101,857	5,47	
41,200	0,077	0,922	2,251	0,0018	0,022	0,054	100,917	5,47	
41,250	0,108	0,916	-2,217	0,0026	0,022	-0,053	100,338	5,48	
41,300	0,179	0,597	-5,236	0,0043	0,014	-0,125	99,604	5,47	
41,350	0,182	0,257	-4,992	0,0043	0,006	-0,119	99,564	5,47	
41,400	0,182	0,010	-2,758	0,0043	2,500E-4	-0,066	99,628	5,47	
41,450	0,182	0,005	-0,698	0,0043	1,250E-4	-0,017	99,641	5,46	
41,500	0,182	0,021	0,209	0,0043	5,000E-4	0,005	99,628	5,47	67,0
41,550	0,184	0,037	0,175	0,0044	8,750E-4	0,004	99,680	5,48	
41,600	0,187	0,042	0,035	0,0045	1,000E-3	8,333E-4	99,707	5,47	
41,650	0,188	0,037	-0,052	0,0045	8,750E-4	-0,001	99,667	5,48	
41,700	0,190	0,031	-0,052	0,0045	7,500E-4	-0,001	99,685	5,47	
41,750	0,192	0,031	-8,049E-15	0,0046	7,500E-4	-1,030E-16	99,696	5,47	
41,800	0,193	0,031	0,052	0,0046	7,500E-4	0,001	99,665	5,48	
41,850	0,195	0,037	0,070	0,0046	8,750E-4	0,002	99,669	5,48	
41,900	0,196	0,042	0,035	0,0047	0,001	8,333E-4	99,663	5,48	
41,950	0,199	0,042	-0,052	0,0048	1,000E-3	-0,001	99,687	5,47	
42,000	0,201	0,037	-0,122	0,0048	8,750E-4	-0,003	99,698	5,47	67,2
42,050	0,203	0,026	-0,122	0,0048	6,250E-4	-0,003	99,672	5,48	
42,100	0,204	0,021	-0,052	0,0049	5,000E-4	-0,001	99,641	5,47	
42,150	0,204	0,021	0,017	0,0049	5,000E-4	4,167E-4	99,654	5,48	
42,200	0,206	0,026	0,017	0,0049	6,250E-4	4,167E-4	99,700	5,47	
42,250	0,207	0,026	-0,017	0,0049	6,250E-4	-4,167E-4	99,689	5,48	
42,300	0,209	0,021	-0,035	0,0050	5,000E-4	-8,333E-4	99,704	5,49	
42,350	0,209	0,021	-0,017	0,0050	5,000E-4	-4,167E-4	99,663	5,48	
42,400	0,210	0,021	2,429E-15	0,0050	5,000E-4	8,890E-17	99,687	5,48	
42,450	0,212	0,021	0,000	0,0051	5,000E-4	5,855E-17	99,643	5,49	
42,500	0,212	0,021	-0,017	0,0051	5,000E-4	-4,167E-4	99,689	5,48	67,3
42,550	0,214	0,021	-0,052	0,0051	5,000E-4	-0,001	99,674	5,49	
42,600	0,215	0,016	-0,052	0,0051	3,750E-4	-0,001	99,683	5,49	
42,650	0,215	0,010	-1,249E-15	0,0051	2,500E-4	3,036E-17	99,702	5,48	
42,700	0,215	0,016	0,035	0,0051	3,750E-4	8,333E-4	99,680	5,49	
42,750	0,217	0,021	2,498E-15	0,0052	5,000E-4	2,819E-17	99,650	5,49	
42,800	0,218	0,016	-0,052	0,0052	3,750E-4	-0,001	99,689	5,49	
42,850	0,218	0,010	-0,035	0,0052	2,500E-4	-8,333E-4	99,678	5,48	
42,900	0,218	0,010	0,017	0,0052	2,500E-4	4,167E-4	99,674	5,49	
42,950	0,220	0,016	0,017	0,0052	3,750E-4	4,167E-4	99,643	5,49	
43,000	0,220	0,016	-0,017	0,0052	3,750E-4	-4,167E-4	99,658	5,49	67,4
43,050	0,221	0,010	-0,035	0,0053	2,500E-4	-8,333E-4	99,676	5,49	
43,100	0,221	0,010	3,053E-15	0,0053	2,500E-4	1,409E-17	99,663	5,49	
43,150	0,221	0,010	0,035	0,0053	2,500E-4	8,333E-4	99,691	5,49	
43,200	0,223	0,016	0,017	0,0053	3,750E-4	4,167E-4	99,674	5,49	
43,250	0,223	0,016	-0,017	0,0053	3,750E-4	-4,167E-4	99,669	5,49	
43,300	0,225	0,010	-0,035	0,0054	2,500E-4	-8,333E-4	99,693	5,49	
43,350	0,225	0,010	-0,017	0,0054	2,500E-4	-4,167E-4	99,678	5,50	
43,400	0,225	0,010	-0,017	0,0054	2,500E-4	-4,167E-4	99,680	5,50	
43,450	0,226	0,010	-0,035	0,0054	2,500E-4	-8,333E-4	99,685	5,50	
43,500	0,226	0,005	-0,017	0,0054	1,250E-4	-4,167E-4	99,698	5,49	67,5
43,550	0,226	0,005	0,017	0,0054	1,250E-4	4,167E-4	99,685	5,50	
43,600	0,226	0,010	0,017	0,0054	2,500E-4	4,167E-4	99,683	5,50	
43,650	0,228	0,010	-0,017	0,0054	2,500E-4	-4,167E-4	99,658	5,50	
43,700	0,228	0,005	-0,017	0,0054	1,250E-4	-4,167E-4	99,676	5,50	
43,750	0,228	0,005	0,017	0,0054	1,250E-4	4,167E-4	99,648	5,50	
43,800	0,228	0,010	0,017	0,0054	2,500E-4	4,167E-4	99,674	5,50	
43,850	0,229	0,010	-0,035	0,0055	2,500E-4	-8,333E-4	99,652	5,50	
43,900	0,229	0,005	-0,052	0,0055	1,250E-4	-0,001	99,663	5,50	
43,950	0,229	0,000	3,704E-15	0,0055	0,000	-2,900E-17	99,685	5,50	
44,000	0,229	0,005	0,052	0,0055	1,250E-4	0,001	99,680	5,50	67,5
44,050	0,229	0,010	0,035	0,0055	2,500E-4	8,333E-4	99,663	5,51	
44,100	0,231	0,010	-0,035	0,0055	2,500E-4	-8,333E-4	99,658	5,50	
44,150	0,231	0,005	-0,070	0,0055	1,250E-4	-0,002	99,689	5,51	
44,200	0,231	0,000	-0,052	0,0055	0,000	-0,001	99,707	5,50	
44,250	0,231	0,000	-0,017	0,0055	0,000	-4,167E-4	99,663	5,50	
44,300	0,231	0,000	0,000	0,0055	0,000	0,000	99,645	5,50	
44,350	0,231	0,000	0,000	0,0055	0,000	0,000	99,680	5,51	
44,400	0,231	0,000	0,000	0,0055	0,000	0,000	99,700	5,51	
44,450	0,231	0,000	0,000	0,0055	0,000	0,000	99,678	5,51	
44,500	0,231	0,000	0,000	0,0055	0,000	0,000	99,645	5,51	67,5
44,550	0,231	0,000	0,000	0,0055	0,000	0,000	99,689	5,51	
44,600	0,231	0,000	0,000	0,0055	0,000	0,000	99,715	5,51	
44,650	0,231	0,000	0,000	0,0055	0,000	0,000	99,672	5,51	
44,700	0,231	0,000	0,000	0,0055	0,000	0,000	99,643	5,51	
44,750	0,231	0,000	0,000	0,0055	0,000	0,000	99,693	5,51	
44,800	0,231	0,000	0,000	0,0055	0,000	0,000	99,663	5,51	
44,850	0,231	0,000	0,000	0,0055	0,000	0,000	99,672	5,51	
44,900	0,231	0,000	0,000	0,0055	0,000	0,000	99,648	5,51	
44,950	0,231	0,000	0,000	0,0055	0,000	0,000	99,630	5,52	
45,000	0,231	0,000	0,000	0,0055	0,000	0,000	99,702	5,52	67,6
45,050	0,231	0,000	0,000	0,0055	0,000	0,000	99,663	5,52	
45,100	0,231	0,000	0,000	0,0055	0,000	0,000	99,678	5,52	
45,150	0,231	0,000	0,000	0,0055	0,000	0,000	99,667	5,52	
45,200	0,231	0,000	0,000	0,0055	0,000	0,000	99,665	5,51	
45,250	0,231	0,000	0,000	0,0055	0,000	0,000	99,672	5,52	
45,300	0,231	0,000	0,000	0,0055	0,000	0,000	99,654	5,52	
45,350	0,231	0,000	0,000	0,0055	0,000	0,000	99,687	5,52	
45,400	0,231	0,000	0,000	0,0055	0,000	0,000	99,619	5,51	
45,450	0,231	0,000	0,000	0,0055	0,000	0,000	99,663	5,52	
45,500	0,231	0,000	0,000	0,0055	0,000	0,000	99,610	5,52	67,6
45,550	0,231	0,000	0,000	0,0055	0,000	0,000	99,630	5,52	
45,600	0,231	0,000	0,000	0,0055	0,000	0,000	99,654	5,52	
45,650	0,231	0,000	0,000	0,0055	0,000	0,000	99,667	5,52	
45,700	0,231	0,000	0,000	0,0055	0,000	0,000	99,628	5,52	
45,750	0,231	0,000	0,000	0,0055	0,000	0,000	99,656	5,53	
45,800	0,231	0,000	0,000	0,0055	0,000	0,000	99,610	5,52	
45,850	0,231	0,000	0,000	0,0055	0,000	0,000	99,645	5,53	
45,900	0,231	0,000	0,000	0,0055	0,000	0,000	99,658	5,53	
45,950	0,231	0,000	0,000	0,0055	0,000	0,000	99,621	5,52	
46,000	0,231	0,000	0,000	0,0055	0,000	0,000	99,619	5,53	67,6
46,050	0,231	0,000	0,000	0,0055	0,000	0,000	99,661	5,52	
46,100	0,231	0,000	0,000	0,0055	0,000	0,000	99,606	5,53	
46,150	0,231	0,000	0,000	0,0055	0,000	0,000	99,654	5,53	
46,200	0,231	0,000	0,000	0,0055	0,000	0,000	99,632	5,54	
46,250	0,231	0,000	0,000	0,0055	0,000	0,000	99,621	5,53	
46,300	0,231	0,000	0,000	0,0055	0,000	0,000	99,652	5,53	
46,350	0,231	0,000	0,017	0,0055	0,000	4,167E-4	99,628	5,53	
46,400	0,231	0,000	0,052	0,0055	0,000	0,001	99,615	5,53	
46,450	0,231	0,005	0,070	0,0055	1,250E-4	0,002	99,639	5,53	
46,500	0,231	0,010	0,035	0,0055	2,500E-4	8,333E-4	99,623	5,53	67,7
46,550	0,232	0,010	-0,035	0,0055	2,500E-4	-8,333E-4	99,696	5,53	
46,600	0,232	0,005	-0,070	0,0055	1,250E-4	-0,002	99,652	5,53	
46,650	0,232	0,000	-0,052	0,0055	0,000	-0,001	99,689	5,53	
46,700	0,232	0,000	-0,017	0,0055	0,000	-4,167E-4	99,650	5,53	
46,750	0,232	0,000	0,000	0,0055	0,000	0,000	99,615	5,54	
46,800	0,232	0,000	0,000	0,0055	0,000	0,000	99,689	5,54	
46,850	0,232	0,000	0,000	0,0055	0,000	0,000	99,641	5,54	
46,900	0,232	0,000	0,000	0,0055	0,000	0,000	99,663	5,54	
46,950	0,232	0,000	0,000	0,0055	0,000	0,000	99,663	5,53	
47,000	0,232	0,000	0,000	0,0055	0,000	0,000	99,661	5,54	67,7
47,050	0,232	0,000	0,000	0,0055	0,000	0,000	99,667	5,54	
47,100	0,232	0,000	0,000	0,0055	0,000	0,000	99,678	5,54	
47,150	0,232	0,000	0,000	0,0055	0,000	0,000	99,689	5,53	
47,200	0,232	0,000	0,000	0,0055	0,000	0,000	99,696	5,54	
47,250	0,232	0,000	0,000	0,0055	0,000	0,000	99,661	5,53	
47,300	0,232	0,000	0,000	0,0055	0,000	0,000	99,645	5,54	
47,350	0,232	0,000	0,000	0,0055	0,000	0,000	99,641	5,54	
47,400	0,232	0,000	0,000	0,0055	0,000	0,000	99,676	5,54	
47,450	0,232	0,000	0,000	0,0055	0,000	0,000	99,626	5,55	
47,500	0,232	0,000	0,000	0,0055	0,000	0,000	99,687	5,53	67,7
47,550	0,232	0,000	0,000	0,0055	0,000	0,000	99,663	5,55	
47,600	0,232	0,000	0,000	0,0055	0,000	0,000	99,630	5,55	
47,650	0,232	0,000	0,000	0,0055	0,000	0,000	99,678	5,54	
47,700	0,232	0,000	0,000	0,0055	0,000	0,000	99,658	5,55	
47,750	0,232	0,000	0,000	0,0055	0,000	0,000	99,709	5,54	
47,800	0,232	0,000	0,000	0,0055	0,000	0,000	99,683	5,54	
47,850	0,232	0,000	0,000	0,0055	0,000	0,000	99,667	5,55	
47,900	0,232	0,000	0,000	0,0055	0,000	0,000	99,658	5,55	
47,950	0,232	0,000	0,000	0,0055	0,000	0,000	99,698	5,55	
48,000	0,232	0,000	0,000	0,0055	0,000	0,000	99,669	5,55	67,7
48,050	0,232	0,000	0,000	0,0055	0,000	0,000	99,669	5,55	
48,100	0,232	0,000	0,000	0,0055	0,000	0,000	99,683	5,55	
48,150	0,232	0,000	0,000	0,0055	0,000	0,000	99,674	5,55	
48,200	0,232	0,000	0,017	0,0055	0,000	4,167E-4	99,704	5,56	
48,250	0,232	0,000	0,052	0,0055	0,000	0,001	99,683	5,56	
48,300	0,232	0,005	0,070	0,0055	1,250E-4	0,002	99,683	5,55	
48,350	0,232	0,010	0,035	0,0055	2,500E-4	8,333E-4	99,689	5,55	
48,400	0,234	0,010	-0,035	0,0056	2,500E-4	-8,333E-4	99,676	5,56	
48,450	0,234	0,005	-0,052	0,0056	1,250E-4	-0,001	99,707	5,55	
48,500	0,234	0,000	-4,944E-15	0,0056	0,000	-8,132E-19	99,661	5,55	67,7
48,550	0,234	0,005	0,052	0,0056	1,250E-4	0,001	99,676	5,56	
48,600	0,234	0,010	0,052	0,0056	2,500E-4	0,001	99,685	5,55	
48,650	0,236	0,010	0,017	0,0056	2,500E-4	4,167E-4	99,680	5,55	
48,700	0,236	0,010	0,000	0,0056	2,500E-4	-8,674E-17	99,680	5,56	
48,750	0,236	0,010	-0,017	0,0056	2,500E-4	-4,167E-4	99,680	5,56	
48,800	0,237	0,010	-0,052	0,0057	2,500E-4	-0,001	99,663	5,56	
48,850	0,237	0,005	-0,052	0,0057	1,250E-4	-0,001	99,707	5,56	
48,900	0,237	0,000	-2,463E-15	0,0057	0,000	1,453E-16	99,685	5,56	
48,950	0,237	0,005	0,052	0,0057	1,250E-4	0,001	99,661	5,56	
49,000	0,237	0,010	0,035	0,0057	2,500E-4	8,333E-4	99,678	5,56	67,7
49,050	0,239	0,010	-0,035	0,0057	2,500E-4	-8,333E-4	99,676	5,57	
49,100	0,239	0,005	-0,070	0,0057	1,250E-4	-0,002	99,656	5,57	
49,150	0,239	0,000	-0,052	0,0057	0,000	-0,001	99,669	5,57	
49,200	0,239	0,000	-0,017	0,0057	0,000	-4,167E-4	99,656	5,56	
49,250	0,239	0,000	0,000	0,0057	0,000	0,000	99,663	5,56	
49,300	0,239	0,000	0,000	0,0057	0,000	0,000	99,652	5,57	
49,350	0,239	0,000	0,000	0,0057	0,000	0,000	99,661	5,57	
49,400	0,239	0,000	0,000	0,0057	0,000	0,000	99,648	5,56	
49,450	0,239	0,000	0,000	0,0057	0,000	0,000	99,656	5,57	
49,500	0,239	0,000	0,000	0,0057	0,000	0,000	99,672	5,57	67,7
49,550	0,239	0,000	0,000	0,0057	0,000	0,000	99,648	5,57	
49,600	0,239	0,000	0,000	0,0057	0,000	0,000	99,634	5,56	
49,650	0,239	0,000	0,000	0,0057	0,000	0,000	99,652	5,57	
49,700	0,239	0,000	0,000	0,0057	0,000	0,000	99,650	5,57	
49,750	0,239	0,000	0,000	0,0057	0,000	0,000	99,650	5,57	
49,800	0,239	0,000	0,000	0,0057	0,000	0,000	99,654	5,57	
49,850	0,239	0,000	0,000	0,0057	0,000	0,000	99,652	5,58	
49,900	0,239	0,000	0,000	0,0057	0,000	0,000	99,674	5,57	
49,950	0,239	0,000	0,000	0,0057	0,000	0,000	99,643	5,57	
50,000	0,239	0,000	0,000	0,0057	0,000	0,000	99,669	5,57	67,7
50,050	0,239	0,000	0,000	0,0057	0,000	0,000	99,634	5,57	
50,100	0,239	0,000	0,000	0,0057	0,000	0,000	99,667	5,58	
50,150	0,239	0,000	0,000	0,0057	0,000	0,000	99,674	5,57	
50,200	0,239	0,000	0,000	0,0057	0,000	0,000	99,656	5,58	
50,250	0,239	0,000	0,000	0,0057	0,000	0,000	99,652	5,57	
50,300	0,239	0,000	0,000	0,0057	0,000	0,000	99,632	5,58	
50,350	0,239	0,000	0,000	0,0057	0,000	0,000	99,674	5,57	
50,400	0,239	0,000	0,000	0,0057	0,000	0,000	99,639	5,57	
50,450	0,239	0,000	0,000	0,0057	0,000	0,000	99,669	5,57	
50,500	0,239	0,000	0,000	0,0057	0,000	0,000	99,674	5,59	67,6
50,550	0,239	0,000	0,000	0,0057	0,000	0,000	99,685	5,58	
50,600	0,239	0,000	0,000	0,0057	0,000	0,000	99,678	5,57	
50,650	0,239	0,000	0,000	0,0057	0,000	0,000	99,674	5,59	
50,700	0,239	0,000	0,000	0,0057	0,000	0,000	99,663	5,59	
50,750	0,239	0,000	0,000	0,0057	0,000	0,000	99,685	5,58	
50,800	0,239	0,000	0,000	0,0057	0,000	0,000	99,680	5,58	
50,850	0,239	0,000	0,000	0,0057	0,000	0,000	99,661	5,58	
50,900	0,239	0,000	0,000	0,0057	0,000	0,000	99,674	5,57	
50,950	0,239	0,000	0,000	0,0057	0,000	0,000	99,650	5,58	
51,000	0,239	0,000	0,000	0,0057	0,000	0,000	99,652	5,58	67,6
51,050	0,239	0,000	0,000	0,0057	0,000	0,000	99,634	5,58	
51,100	0,239	0,000	0,000	0,0057	0,000	0,000	99,656	5,59	
51,150	0,239	0,000	0,000	0,0057	0,000	0,000	99,639	5,59	
51,200	0,239	0,000	0,000	0,0057	0,000	0,000	99,661	5,58	
51,250	0,239	0,000	0,000	0,0057	0,000	0,000	99,595	5,59	
51,300	0,239	0,000	0,000	0,0057	0,000	0,000	99,591	5,59	
51,350	0,239	0,000	0,000	0,0057	0,000	0,000	99,593	5,59	
51,400	0,239	0,000	0,000	0,0057	0,000	0,000	99,591	5,59	
51,450	0,239	0,000	0,000	0,0057	0,000	0,000	99,586	5,59	
51,500	0,239	0,000	0,000	0,0057	0,000	0,000	99,532	5,59	67,6
51,550	0,239	0,000	0,000	0,0057	0,000	0,000	99,540	5,59	
51,600	0,239	0,000	0,000	0,0057	0,000	0,000	99,540	5,60	
51,650	0,239	0,000	-0,017	0,0057	0,000	-4,167E-4	99,538	5,59	
51,700	0,239	0,000	-0,070	0,0057	0,000	-0,002	99,527	5,59	
51,750	0,239	-0,005	-0,140	0,0057	-1,250E-4	-0,003	99,477	5,59	
51,800	0,239	-0,016	-0,175	0,0057	-3,750E-4	-0,004	99,501	5,59	
51,850	0,237	-0,026	-0,122	0,0057	-6,250E-4	-0,003	99,475	5,59	
51,900	0,236	-0,031	-0,017	0,0056	-7,500E-4	-4,167E-4	99,514	5,59	
51,950	0,234	-0,026	0,052	0,0056	-6,250E-4	0,001	99,521	5,59	
52,000	0,232	-0,021	0,035	0,0055	-5,000E-4	8,333E-4	99,490	5,59	67,6
52,050	0,232	-0,021	-0,070	0,0055	-5,000E-4	-0,002	99,503	5,60	
52,100	0,231	-0,026	-0,244	0,0055	-6,250E-4	-0,006	99,484	5,60	
52,150	0,229	-0,042	-0,506	0,0055	-0,001	-0,012	99,505	5,60	
52,200	0,228	-0,073	-0,820	0,0054	-0,002	-0,020	99,466	5,60	
52,250	0,223	-0,126	-1,065	0,0053	-0,003	-0,025	99,477	5,60	
52,300	0,215	-0,188	-1,152	0,0051	-0,004	-0,027	99,466	5,60	
52,350	0,204	-0,246	-1,100	0,0049	-0,006	-0,026	99,462	5,60	
52,400	0,190	-0,298	-1,012	0,0045	-0,007	-0,024	99,440	5,60	
52,450	0,174	-0,346	-0,942	0,0042	-0,008	-0,022	99,436	5,60	
52,500	0,156	-0,393	-0,855	0,0037	-0,009	-0,020	99,409	5,61	67,6
52,550	0,135	-0,435	-0,698	0,0032	-0,010	-0,017	99,412	5,60	
52,600	0,112	-0,466	-0,471	0,0027	-0,011	-0,011	99,416	5,60	
52,650	0,088	-0,482	-0,244	0,0021	-0,012	-0,006	99,409	5,60	
52,700	0,063	-0,487	-0,070	0,0015	-0,012	-0,002	99,427	5,60	
52,750	0,039	-0,487	0,035	9,3750E-4	-0,012	8,333E-4	99,403	5,60	
52,800	0,014	-0,482	0,087	3,3750E-4	-0,011	0,002	99,436	5,61	
52,850	-0,009	-0,476	0,087	-2,2500E-4	-0,011	0,002	99,425	5,61	
52,900	-0,033	-0,471	0,052	-7,8750E-4	-0,011	0,001	99,444	5,61	
52,950	-0,057	-0,471	0,017	-0,0014	-0,011	4,167E-4	99,412	5,61	
53,000	-0,080	-0,471	0,017	-0,0019	-0,011	4,167E-4	99,455	5,61	67,6
53,050	-0,104	-0,471	0,052	-0,0025	-0,011	0,001	99,457	5,61	
53,100	-0,127	-0,466	0,087	-0,0030	-0,011	0,002	99,409	5,61	
53,150	-0,151	-0,461	0,105	-0,0036	-0,011	0,002	99,436	5,60	
53,200	-0,173	-0,456	0,105	-0,0041	-0,011	0,002	99,412	5,62	
53,250	-0,196	-0,450	0,105	-0,0047	-0,011	0,003	99,403	5,61	
53,300	-0,218	-0,445	0,105	-0,0052	-0,011	0,002	99,442	5,61	
53,350	-0,240	-0,440	0,105	-0,0057	-0,010	0,002	99,431	5,62	
53,400	-0,262	-0,435	0,122	-0,0063	-0,010	0,003	99,440	5,62	
53,450	-0,284	-0,429	0,157	-0,0068	-0,010	0,004	99,427	5,62	
53,500	-0,305	-0,419	0,192	-0,0073	-0,010	0,005	99,451	5,62	67,6
53,550	-0,327	-0,408	0,209	-0,0078	-0,010	0,005	99,446	5,62	
53,600	-0,346	-0,398	0,192	-0,0083	-0,009	0,005	99,481	5,61	
53,650	-0,366	-0,387	0,157	-0,0087	-0,009	0,004	99,431	5,62	
53,700	-0,385	-0,382	0,122	-0,0092	-0,009	0,003	99,455	5,62	
53,750	-0,404	-0,377	0,122	-0,0096	-0,009	0,003	99,471	5,62	
53,800	-0,423	-0,372	0,157	-0,0101	-0,009	0,004	99,468	5,62	
53,850	-0,441	-0,361	0,192	-0,0105	-0,009	0,005	99,451	5,61	
53,900	-0,459	-0,351	0,209	-0,0110	-0,008	0,005	99,453	5,62	
53,950	-0,476	-0,340	0,209	-0,0114	-0,008	0,005	99,497	5,62	
54,000	-0,493	-0,330	0,209	-0,0118	-0,008	0,005	99,442	5,62	67,6
54,050	-0,509	-0,319	0,209	-0,0122	-0,008	0,005	99,481	5,61	
54,100	-0,525	-0,309	0,209	-0,0125	-0,007	0,005	99,499	5,62	
54,150	-0,540	-0,298	0,209	-0,0129	-0,007	0,005	99,484	5,62	
54,200	-0,554	-0,288	0,192	-0,0132	-0,007	0,005	99,486	5,63	
54,250	-0,569	-0,278	0,157	-0,0136	-0,007	0,004	99,473	5,62	
54,300	-0,583	-0,272	0,140	-0,0139	-0,006	0,003	99,503	5,62	
54,350	-0,595	-0,267	0,175	-0,0142	-0,006	0,004	99,514	5,62	
54,400	-0,609	-0,257	0,227	-0,0146	-0,006	0,005	99,519	5,63	
54,450	-0,622	-0,241	0,209	-0,0149	-0,006	0,005	99,501	5,63	
54,500	-0,633	-0,230	0,122	-0,0151	-0,006	0,003	99,486	5,63	67,6
54,550	-0,644	-0,230	0,070	-0,0154	-0,005	0,002	99,468	5,63	
54,600	-0,657	-0,230	0,105	-0,0157	-0,005	0,003	99,536	5,62	
54,650	-0,668	-0,220	0,157	-0,0159	-0,005	0,004	99,505	5,63	
54,700	-0,679	-0,209	0,157	-0,0162	-0,005	0,004	99,499	5,63	
54,750	-0,688	-0,204	0,122	-0,0164	-0,005	0,003	99,488	5,62	
54,800	-0,699	-0,199	0,087	-0,0167	-0,005	0,002	99,499	5,63	
54,850	-0,708	-0,194	0,052	-0,0169	-0,005	0,001	99,488	5,62	
54,900	-0,718	-0,194	0,035	-0,0171	-0,005	8,333E-4	99,484	5,63	
54,950	-0,727	-0,194	0,052	-0,0174	-0,005	0,001	99,503	5,63	
55,000	-0,738	-0,188	0,087	-0,0176	-0,005	0,002	99,505	5,63	67,5
55,050	-0,746	-0,183	0,105	-0,0178	-0,004	0,002	99,468	5,63	
55,100	-0,756	-0,178	0,105	-0,0180	-0,004	0,003	99,536	5,63	
55,150	-0,765	-0,173	0,087	-0,0183	-0,004	0,002	99,527	5,64	
55,200	-0,773	-0,168	0,052	-0,0185	-0,004	0,001	99,495	5,64	
55,250	-0,781	-0,168	0,052	-0,0186	-0,004	0,001	99,501	5,63	
55,300	-0,790	-0,168	0,105	-0,0189	-0,004	0,003	99,492	5,62	
55,350	-0,798	-0,157	0,140	-0,0191	-0,004	0,003	99,457	5,64	
55,400	-0,806	-0,147	0,087	-0,0192	-0,004	0,002	99,481	5,64	
55,450	-0,812	-0,147	3,053E-15	-0,0194	-0,003	-2,472E-16	99,505	5,63	
55,500	-0,820	-0,152	-0,017	-0,0196	-0,004	-4,167E-4	99,503	5,63	67,5
55,550	-0,828	-0,152	0,035	-0,0198	-0,004	8,333E-4	99,462	5,63	
55,600	-0,836	-0,147	0,087	-0,0200	-0,003	0,002	99,497	5,62	
55,650	-0,842	-0,141	0,105	-0,0201	-0,003	0,002	99,479	5,63	
55,700	-0,850	-0,136	0,105	-0,0203	-0,003	0,002	99,534	5,63	
55,750	-0,856	-0,131	0,087	-0,0204	-0,003	0,002	99,508	5,64	
55,800	-0,862	-0,126	0,052	-0,0206	-0,003	0,001	99,501	5,64	
55,850	-0,869	-0,126	0,017	-0,0207	-0,003	4,167E-4	99,477	5,63	
55,900	-0,875	-0,126	-1,499E-14	-0,0209	-0,003	-5,855E-16	99,479	5,64	
55,950	-0,881	-0,126	0,000	-0,0210	-0,003	0,000	99,486	5,63	
56,000	-0,888	-0,126	0,017	-0,0212	-0,003	4,167E-4	99,495	5,64	67,5
56,050	-0,894	-0,126	0,052	-0,0213	-0,003	0,001	99,473	5,64	
56,100	-0,900	-0,120	0,087	-0,0215	-0,003	0,002	99,516	5,64	
56,150	-0,906	-0,115	0,087	-0,0216	-0,003	0,002	99,490	5,64	
56,200	-0,911	-0,110	0,052	-0,0218	-0,003	0,001	99,473	5,64	
56,250	-0,917	-0,110	0,035	-0,0219	-0,003	8,333E-4	99,488	5,64	
56,300	-0,922	-0,110	0,052	-0,0220	-0,003	0,001	99,462	5,64	
56,350	-0,928	-0,105	0,070	-0,0222	-0,003	0,002	99,490	5,64	
56,400	-0,933	-0,099	0,035	-0,0223	-0,002	8,333E-4	99,499	5,63	
56,450	-0,938	-0,099	-0,017	-0,0224	-0,002	-4,167E-4	99,481	5,63	
56,500	-0,942	-0,105	-0,017	-0,0225	-0,003	-4,167E-4	99,453	5,65	67,5
56,550	-0,949	-0,105	0,035	-0,0227	-0,002	8,333E-4	99,477	5,64	
56,600	-0,953	-0,099	0,087	-0,0228	-0,002	0,002	99,488	5,64	
56,650	-0,958	-0,094	0,105	-0,0229	-0,002	0,002	99,510	5,64	
56,700	-0,963	-0,089	0,087	-0,0230	-0,002	0,002	99,510	5,64	
56,750	-0,968	-0,084	0,035	-0,0231	-0,002	8,333E-4	99,481	5,65	
56,800	-0,971	-0,084	-0,017	-0,0232	-0,002	-4,167E-4	99,479	5,64	
56,850	-0,975	-0,089	-0,017	-0,0233	-0,002	-4,167E-4	99,488	5,64	
56,900	-0,980	-0,089	0,035	-0,0234	-0,002	8,333E-4	99,471	5,64	
56,950	-0,985	-0,084	0,070	-0,0235	-0,002	0,002	99,484	5,64	
57,000	-0,988	-0,079	0,052	-0,0236	-0,002	0,001	99,475	5,65	67,5
57,050	-0,993	-0,079	0,017	-0,0237	-0,002	4,167E-4	99,466	5,65	
57,100	-0,996	-0,079	-1,110E-14	-0,0238	-0,002	-3,469E-16	99,514	5,65	
57,150	-1,001	-0,079	0,017	-0,0239	-0,002	4,167E-4	99,436	5,64	
57,200	-1,004	-0,079	0,035	-0,0240	-0,002	8,333E-4	99,468	5,65	
57,250	-1,008	-0,073	0,035	-0,0241	-0,002	8,333E-4	99,497	5,65	
57,300	-1,012	-0,073	0,017	-0,0242	-0,002	4,167E-4	99,505	5,65	
57,350	-1,015	-0,073	0,017	-0,0242	-0,002	4,167E-4	99,468	5,65	
57,400	-1,019	-0,073	0,052	-0,0243	-0,002	0,001	99,471	5,66	
57,450	-1,023	-0,068	0,070	-0,0244	-0,002	0,002	99,473	5,65	
57,500	-1,026	-0,063	0,052	-0,0245	-0,002	0,001	99,466	5,65	67,5
57,550	-1,029	-0,063	0,017	-0,0246	-0,002	4,167E-4	99,486	5,66	
57,600	-1,032	-0,063	0,000	-0,0246	-0,001	4,640E-16	99,444	5,65	
57,650	-1,035	-0,063	7,494E-15	-0,0247	-0,001	-1,756E-16	99,481	5,65	
57,700	-1,038	-0,063	0,017	-0,0248	-0,001	4,167E-4	99,442	5,66	
57,750	-1,041	-0,063	0,052	-0,0249	-0,002	0,001	99,486	5,65	
57,800	-1,045	-0,058	0,070	-0,0249	-0,001	0,002	99,460	5,65	
57,850	-1,048	-0,052	0,035	-0,0250	-0,001	8,333E-4	99,503	5,65	
57,900	-1,049	-0,052	-0,017	-0,0251	-0,001	-4,167E-4	99,464	5,65	
57,950	-1,052	-0,058	-0,017	-0,0251	-0,001	-4,167E-4	99,466	5,65	
58,000	-1,056	-0,058	0,035	-0,0252	-0,001	8,333E-4	99,484	5,65	67,5
58,050	-1,059	-0,052	0,070	-0,0253	-0,001	0,002	99,471	5,66	
58,100	-1,060	-0,047	0,035	-0,0253	-0,001	8,333E-4	99,468	5,66	
58,150	-1,063	-0,047	-0,017	-0,0254	-0,001	-4,167E-4	99,442	5,66	
58,200	-1,065	-0,052	-0,035	-0,0254	-0,001	-8,333E-4	99,475	5,66	
58,250	-1,068	-0,052	-9,159E-15	-0,0255	-0,001	4,792E-16	99,453	5,66	
58,300	-1,071	-0,052	0,035	-0,0256	-0,001	8,333E-4	99,457	5,66	
58,350	-1,073	-0,047	0,035	-0,0256	-0,001	8,333E-4	99,466	5,66	
58,400	-1,076	-0,047	0,017	-0,0257	-0,001	4,167E-4	99,453	5,66	
58,450	-1,078	-0,047	0,000	-0,0257	-0,001	1,171E-16	99,468	5,66	
58,500	-1,081	-0,047	0,017	-0,0258	-0,001	4,167E-4	99,449	5,66	67,5
58,550	-1,082	-0,047	0,035	-0,0258	-0,001	8,333E-4	99,442	5,66	
58,600	-1,085	-0,042	0,035	-0,0259	-1,000E-3	8,333E-4	99,473	5,66	
58,650	-1,087	-0,042	0,017	-0,0260	-0,001	4,167E-4	99,460	5,67	
58,700	-1,089	-0,042	2,956E-14	-0,0260	-1,000E-3	1,171E-16	99,457	5,66	
58,750	-1,092	-0,042	1,985E-14	-0,0261	-1,000E-3	3,491E-16	99,418	5,67	
58,800	-1,093	-0,042	-7,355E-15	-0,0261	-1,000E-3	1,149E-16	99,488	5,66	
58,850	-1,095	-0,042	-2,234E-14	-0,0261	-1,000E-3	-1,149E-16	99,503	5,67	
58,900	-1,098	-0,042	-2,713E-14	-0,0262	-1,000E-3	-3,491E-16	99,471	5,67	
58,950	-1,100	-0,042	0,000	-0,0263	-0,001	-1,171E-16	99,453	5,66	
59,000	-1,101	-0,042	0,017	-0,0263	-0,001	4,167E-4	99,466	5,67	67,5
59,050	-1,104	-0,042	0,052	-0,0264	-1,000E-3	0,001	99,440	5,67	
59,100	-1,106	-0,037	0,052	-0,0264	-8,750E-4	0,001	99,475	5,67	
59,150	-1,107	-0,031	9,784E-15	-0,0264	-7,500E-4	-3,502E-16	99,455	5,67	
59,200	-1,109	-0,037	-0,052	-0,0265	-8,750E-4	-0,001	99,464	5,67	
59,250	-1,111	-0,042	-0,035	-0,0265	-1,000E-3	-8,333E-4	99,453	5,68	
59,300	-1,114	-0,042	0,035	-0,0266	-0,001	8,333E-4	99,455	5,67	
59,350	-1,115	-0,037	0,070	-0,0266	-8,750E-4	0,002	99,462	5,67	
59,400	-1,117	-0,031	0,052	-0,0267	-7,500E-4	0,001	99,473	5,68	
59,450	-1,118	-0,031	0,017	-0,0267	-7,500E-4	4,167E-4	99,464	5,68	
59,500	-1,120	-0,031	3,747E-15	-0,0267	-7,500E-4	-2,591E-16	99,473	5,68	67,5
59,550	-1,122	-0,031	-1,478E-14	-0,0268	-7,500E-4	0,000	99,464	5,68	
59,600	-1,123	-0,031	0,000	-0,0268	-7,500E-4	1,160E-16	99,457	5,68	
59,650	-1,125	-0,031	1,110E-14	-0,0269	-7,500E-4	-2,038E-16	99,455	5,68	
59,700	-1,126	-0,031	0,000	-0,0269	-7,500E-4	-1,160E-16	99,499	5,68	
59,750	-1,128	-0,031	-1,110E-14	-0,0269	-7,500E-4	3,198E-16	99,484	5,68	
59,800	-1,129	-0,031	0,000	-0,0270	-7,500E-4	3,469E-16	99,466	5,68	
59,850	-1,131	-0,031	1,478E-14	-0,0270	-7,500E-4	-1,160E-16	99,449	5,69	
59,900	-1,133	-0,031	-3,747E-15	-0,0270	-7,500E-4	-4,348E-16	99,451	5,68	
59,950	-1,134	-0,031	-1,478E-14	-0,0271	-7,500E-4	0,000	99,464	5,69	
60,000	-1,136	-0,031	0,017	-0,0271	-7,500E-4	4,167E-4	99,486	5,69	67,5
60,050	-1,137	-0,031	0,052	-0,0272	-7,500E-4	0,001	99,477	5,68	
60,100	-1,139	-0,026	0,070	-0,0272	-6,250E-4	0,002	99,446	5,68	
60,150	-1,140	-0,021	0,035	-0,0272	-5,000E-4	8,333E-4	99,471	5,68	
60,200	-1,140	-0,021	-0,035	-0,0272	-5,000E-4	-8,333E-4	99,468	5,69	
60,250	-1,142	-0,026	-0,052	-0,0273	-6,250E-4	-0,001	99,481	5,68	
60,300	-1,144	-0,031	1,537E-14	-0,0273	-7,500E-4	-3,329E-16	99,436	5,69	
60,350	-1,145	-0,026	0,052	-0,0273	-6,250E-4	0,001	99,433	5,68	
60,400	-1,147	-0,021	0,035	-0,0274	-5,000E-4	8,333E-4	99,440	5,69	
60,450	-1,147	-0,021	-0,035	-0,0274	-5,000E-4	-8,333E-4	99,475	5,68	
60,500	-1,148	-0,026	-0,052	-0,0274	-6,250E-4	-0,001	99,446	5,69	67,5
60,550	-1,150	-0,031	1,537E-14	-0,0275	-7,500E-4	-3,329E-16	99,479	5,69	
60,600	-1,151	-0,026	0,052	-0,0275	-6,250E-4	0,001	99,449	5,69	
60,650	-1,153	-0,021	0,052	-0,0275	-5,000E-4	0,001	99,488	5,69	
60,700	-1,153	-0,021	0,017	-0,0275	-5,000E-4	4,167E-4	99,479	5,69	
60,750	-1,155	-0,021	9,888E-15	-0,0276	-5,000E-4	2,906E-16	99,464	5,69	
60,800	-1,156	-0,021	1,481E-14	-0,0276	-5,000E-4	-2,309E-16	99,466	5,69	
60,850	-1,156	-0,021	7,355E-15	-0,0276	-5,000E-4	-4,630E-16	99,464	5,69	
60,900	-1,158	-0,021	-9,853E-15	-0,0276	-5,000E-4	-2,906E-16	99,464	5,70	
60,950	-1,159	-0,021	-1,481E-14	-0,0277	-5,000E-4	1,160E-16	99,436	5,70	
61,000	-1,159	-0,021	-4,892E-15	-0,0277	-5,000E-4	4,055E-16	99,442	5,69	67,4
61,050	-1,161	-0,021	7,425E-15	-0,0277	-5,000E-4	3,469E-16	99,495	5,70	
61,100	-1,162	-0,021	1,475E-14	-0,0278	-5,000E-4	0,000	99,446	5,70	
61,150	-1,162	-0,021	4,927E-15	-0,0278	-5,000E-4	-4,066E-16	99,433	5,69	
61,200	-1,164	-0,021	-7,390E-15	-0,0278	-5,000E-4	-3,469E-16	99,473	5,70	
61,250	-1,166	-0,021	-1,228E-14	-0,0278	-5,000E-4	1,756E-16	99,442	5,70	
61,300	-1,166	-0,021	-7,425E-15	-0,0278	-5,000E-4	4,630E-16	99,468	5,70	
61,350	-1,167	-0,021	0,017	-0,0279	-5,000E-4	4,167E-4	99,451	5,69	
61,400	-1,169	-0,021	0,035	-0,0279	-5,000E-4	8,333E-4	99,440	5,70	
61,450	-1,169	-0,016	0,035	-0,0279	-3,750E-4	8,333E-4	99,490	5,70	
61,500	-1,170	-0,016	0,017	-0,0279	-3,750E-4	4,167E-4	99,446	5,70	67,4
61,550	-1,170	-0,016	-0,017	-0,0279	-3,750E-4	-4,167E-4	99,429	5,71	
61,600	-1,172	-0,016	-0,035	-0,0280	-3,750E-4	-8,333E-4	99,477	5,71	
61,650	-1,172	-0,021	-0,035	-0,0280	-5,000E-4	-8,333E-4	99,460	5,70	
61,700	-1,173	-0,021	1,485E-14	-0,0280	-5,000E-4	1,155E-16	99,453	5,70	
61,750	-1,175	-0,021	0,052	-0,0281	-5,000E-4	0,001	99,488	5,71	
61,800	-1,175	-0,016	0,070	-0,0281	-3,750E-4	0,002	99,440	5,71	
61,850	-1,177	-0,010	0,035	-0,0281	-2,500E-4	8,333E-4	99,466	5,71	
61,900	-1,177	-0,010	-0,035	-0,0281	-2,500E-4	-8,333E-4	99,433	5,71	
61,950	-1,177	-0,016	-0,070	-0,0281	-3,750E-4	-0,002	99,453	5,71	
62,000	-1,178	-0,021	-0,035	-0,0281	-5,000E-4	-8,333E-4	99,497	5,71	67,4
62,050	-1,180	-0,021	0,035	-0,0282	-5,000E-4	8,333E-4	99,455	5,71	
62,100	-1,180	-0,016	0,070	-0,0282	-3,750E-4	0,002	99,462	5,71	
62,150	-1,181	-0,010	0,052	-0,0282	-2,500E-4	0,001	99,398	5,72	
62,200	-1,181	-0,010	1,483E-14	-0,0282	-2,500E-4	-1,155E-16	99,460	5,71	
62,250	-1,181	-0,010	-0,035	-0,0282	-2,500E-4	-8,333E-4	99,457	5,72	
62,300	-1,183	-0,016	-0,035	-0,0282	-3,750E-4	-8,333E-4	99,462	5,72	
62,350	-1,183	-0,016	-0,017	-0,0282	-3,750E-4	-4,167E-4	99,455	5,72	
62,400	-1,184	-0,016	-9,263E-15	-0,0283	-3,750E-4	3,030E-16	99,479	5,72	
62,450	-1,184	-0,016	0,000	-0,0283	-3,750E-4	2,309E-16	99,462	5,72	
62,500	-1,186	-0,016	0,017	-0,0283	-3,750E-4	4,167E-4	99,446	5,72	67,4
62,550	-1,186	-0,016	0,035	-0,0283	-3,750E-4	8,333E-4	99,442	5,71	
62,600	-1,188	-0,010	0,035	-0,0284	-2,500E-4	8,333E-4	99,444	5,72	
62,650	-1,188	-0,010	0,017	-0,0284	-2,500E-4	4,167E-4	99,444	5,72	
62,700	-1,188	-0,010	0,000	-0,0284	-2,500E-4	1,155E-16	99,475	5,72	
62,750	-1,189	-0,010	1,249E-15	-0,0284	-2,500E-4	-2,017E-16	99,451	5,72	
62,800	-1,189	-0,010	-0,017	-0,0284	-2,500E-4	-4,167E-4	99,420	5,72	
62,850	-1,189	-0,010	-0,035	-0,0284	-2,500E-4	-8,333E-4	99,429	5,73	
62,900	-1,191	-0,016	-0,035	-0,0284	-3,750E-4	-8,333E-4	99,429	5,73	
62,950	-1,191	-0,016	-0,017	-0,0284	-3,750E-4	-4,167E-4	99,431	5,72	
63,000	-1,192	-0,016	0,017	-0,0285	-3,750E-4	4,167E-4	99,451	5,72	67,3
63,050	-1,192	-0,016	0,035	-0,0285	-3,750E-4	8,333E-4	99,453	5,72	
63,100	-1,194	-0,010	0,035	-0,0285	-2,500E-4	8,333E-4	99,440	5,73	
63,150	-1,194	-0,010	0,017	-0,0285	-2,500E-4	4,167E-4	99,429	5,74	
63,200	-1,194	-0,010	0,017	-0,0285	-2,500E-4	4,167E-4	99,436	5,73	
63,250	-1,195	-0,010	0,035	-0,0285	-2,500E-4	8,333E-4	99,471	5,73	
63,300	-1,195	-0,005	0,017	-0,0285	-1,250E-4	4,167E-4	99,446	5,73	
63,350	-1,195	-0,005	-0,035	-0,0285	-1,250E-4	-8,333E-4	99,418	5,72	
63,400	-1,195	-0,010	-0,070	-0,0285	-2,500E-4	-0,002	99,433	5,73	
63,450	-1,197	-0,016	-0,035	-0,0286	-3,750E-4	-8,333E-4	99,442	5,73	
63,500	-1,197	-0,016	0,017	-0,0286	-3,750E-4	4,167E-4	99,471	5,73	67,3
63,550	-1,199	-0,010	0,035	-0,0286	-2,500E-4	8,333E-4	99,444	5,74	
63,600	-1,199	-0,010	0,017	-0,0286	-2,500E-4	4,167E-4	99,451	5,74	
63,650	-1,199	-0,010	6,176E-15	-0,0286	-2,500E-4	-1,453E-16	99,440	5,73	
63,700	-1,200	-0,010	1,480E-14	-0,0287	-2,500E-4	1,155E-16	99,468	5,73	
63,750	-1,200	-0,010	8,656E-15	-0,0287	-2,500E-4	2,608E-16	99,431	5,73	
63,800	-1,200	-0,010	0,017	-0,0287	-2,500E-4	4,167E-4	99,492	5,73	
63,850	-1,202	-0,010	0,035	-0,0287	-2,500E-4	8,333E-4	99,466	5,74	
63,900	-1,202	-0,005	0,017	-0,0287	-1,250E-4	4,167E-4	99,422	5,73	
63,950	-1,202	-0,005	-0,035	-0,0287	-1,250E-4	-8,333E-4	99,473	5,74	
64,000	-1,202	-0,010	-0,070	-0,0287	-2,500E-4	-0,002	99,460	5,73	67,3
64,050	-1,203	-0,016	-0,035	-0,0287	-3,750E-4	-8,333E-4	99,431	5,74	
64,100	-1,203	-0,016	0,035	-0,0287	-3,750E-4	8,333E-4	99,449	5,74	
64,150	-1,205	-0,010	0,070	-0,0288	-2,500E-4	0,002	99,446	5,74	
64,200	-1,205	-0,005	0,035	-0,0288	-1,250E-4	8,333E-4	99,455	5,74	
64,250	-1,205	-0,005	-0,017	-0,0288	-1,250E-4	-4,167E-4	99,466	5,75	
64,300	-1,205	-0,010	-0,017	-0,0288	-2,500E-4	-4,167E-4	99,427	5,75	
64,350	-1,206	-0,010	0,035	-0,0288	-2,500E-4	8,333E-4	99,425	5,73	
64,400	-1,206	-0,005	0,052	-0,0288	-1,250E-4	0,001	99,477	5,75	
64,450	-1,206	0,000	-7,399E-15	-0,0288	0,000	2,312E-16	99,442	5,75	
64,500	-1,206	-0,005	-0,052	-0,0288	-1,250E-4	-0,001	99,444	5,75	67,3
64,550	-1,206	-0,010	-0,035	-0,0288	-2,500E-4	-8,333E-4	99,466	5,74	
64,600	-1,208	-0,010	0,017	-0,0288	-2,500E-4	4,167E-4	99,431	5,75	
64,650	-1,208	-0,005	0,017	-0,0288	-1,250E-4	4,167E-4	99,477	5,75	
64,700	-1,208	-0,005	-0,017	-0,0288	-1,250E-4	-4,167E-4	99,468	5,75	
64,750	-1,208	-0,010	-0,035	-0,0288	-2,500E-4	-8,333E-4	99,444	5,74	
64,800	-1,210	-0,010	-0,017	-0,0289	-2,500E-4	-4,167E-4	99,438	5,76	
64,850	-1,210	-0,010	4,944E-15	-0,0289	-2,500E-4	-1,751E-16	99,414	5,76	
64,900	-1,210	-0,010	0,017	-0,0289	-2,500E-4	4,167E-4	99,477	5,74	
64,950	-1,211	-0,010	0,035	-0,0289	-2,500E-4	8,333E-4	99,457	5,75	
65,000	-1,211	-0,005	0,017	-0,0289	-1,250E-4	4,167E-4	99,418	5,76	67,3
65,050	-1,211	-0,005	-0,017	-0,0289	-1,250E-4	-4,167E-4	99,464	5,76	
65,100	-1,211	-0,010	-0,017	-0,0289	-2,500E-4	-4,167E-4	99,462	5,76	
65,150	-1,213	-0,010	0,017	-0,0290	-2,500E-4	4,167E-4	99,431	5,76	
65,200	-1,213	-0,005	0,017	-0,0290	-1,250E-4	4,167E-4	99,451	5,76	
65,250	-1,213	-0,005	-0,017	-0,0290	-1,250E-4	-4,167E-4	99,460	5,77	
65,300	-1,213	-0,010	-0,017	-0,0290	-2,500E-4	-4,167E-4	99,453	5,76	
65,350	-1,214	-0,010	0,017	-0,0290	-2,500E-4	4,167E-4	99,457	5,76	
65,400	-1,214	-0,005	0,017	-0,0290	-1,250E-4	4,167E-4	99,479	5,77	
65,450	-1,214	-0,005	-0,017	-0,0290	-1,250E-4	-4,167E-4	99,429	5,77	
65,500	-1,214	-0,010	-0,017	-0,0290	-2,500E-4	-4,167E-4	99,433	5,76	67,3
65,550	-1,216	-0,010	0,035	-0,0290	-2,500E-4	8,333E-4	99,433	5,76	
65,600	-1,216	-0,005	0,052	-0,0290	-1,250E-4	0,001	99,444	5,77	
65,650	-1,216	0,000	6,167E-15	-0,0290	0,000	-2,982E-17	99,429	5,77	
65,700	-1,216	-0,005	-0,052	-0,0290	-1,250E-4	-0,001	99,420	5,76	
65,750	-1,216	-0,010	-0,035	-0,0290	-2,500E-4	-8,333E-4	99,438	5,77	
65,800	-1,217	-0,010	0,035	-0,0291	-2,500E-4	8,333E-4	99,431	5,77	
65,850	-1,217	-0,005	0,052	-0,0291	-1,250E-4	0,001	99,436	5,77	
65,900	-1,217	0,000	-8,639E-15	-0,0291	0,000	-2,954E-17	99,438	5,77	
65,950	-1,217	-0,005	-0,052	-0,0291	-1,250E-4	-0,001	99,460	5,77	
66,000	-1,217	-0,010	-0,035	-0,0291	-2,500E-4	-8,333E-4	99,453	5,77	67,4
66,050	-1,219	-0,010	0,035	-0,0291	-2,500E-4	8,333E-4	99,449	5,77	
66,100	-1,219	-0,005	0,070	-0,0291	-1,250E-4	0,002	99,420	5,78	
66,150	-1,219	0,000	0,035	-0,0291	0,000	8,333E-4	99,446	5,77	
66,200	-1,219	0,000	-0,035	-0,0291	0,000	-8,333E-4	99,431	5,78	
66,250	-1,219	-0,005	-0,070	-0,0291	-1,250E-4	-0,002	99,401	5,77	
66,300	-1,219	-0,010	-0,035	-0,0291	-2,500E-4	-8,333E-4	99,422	5,77	
66,350	-1,221	-0,010	0,035	-0,0291	-2,500E-4	8,333E-4	99,427	5,77	
66,400	-1,221	-0,005	0,052	-0,0291	-1,250E-4	0,001	99,436	5,79	
66,450	-1,221	0,000	7,399E-15	-0,0291	0,000	4,627E-16	99,481	5,78	
66,500	-1,221	-0,005	-0,052	-0,0291	-1,250E-4	-0,001	99,431	5,78	67,4
66,550	-1,221	-0,010	-0,035	-0,0291	-2,500E-4	-8,333E-4	99,462	5,78	
66,600	-1,222	-0,010	0,035	-0,0292	-2,500E-4	8,333E-4	99,414	5,77	
66,650	-1,222	-0,005	0,070	-0,0292	-1,250E-4	0,002	99,416	5,78	
66,700	-1,222	0,000	0,035	-0,0292	0,000	8,333E-4	99,484	5,78	
66,750	-1,222	0,000	-0,035	-0,0292	0,000	-8,333E-4	99,425	5,79	
66,800	-1,222	-0,005	-0,070	-0,0292	-1,250E-4	-0,002	99,442	5,78	
66,850	-1,222	-0,010	-0,035	-0,0292	-2,500E-4	-8,333E-4	99,471	5,79	
66,900	-1,224	-0,010	0,035	-0,0292	-2,500E-4	8,333E-4	99,438	5,79	
66,950	-1,224	-0,005	0,070	-0,0292	-1,250E-4	0,002	99,453	5,78	
67,000	-1,224	0,000	0,052	-0,0292	0,000	0,001	99,457	5,78	67,4
67,050	-1,224	0,000	1,240E-15	-0,0292	0,000	2,961E-17	99,425	5,79	
67,100	-1,224	0,000	-0,052	-0,0292	0,000	-0,001	99,444	5,79	
67,150	-1,224	-0,005	-0,070	-0,0292	-1,250E-4	-0,002	99,416	5,78	
67,200	-1,224	-0,010	-0,035	-0,0292	-2,500E-4	-8,333E-4	99,464	5,79	
67,250	-1,225	-0,010	0,035	-0,0293	-2,500E-4	8,333E-4	99,418	5,79	
67,300	-1,225	-0,005	0,070	-0,0293	-1,250E-4	0,002	99,453	5,79	
67,350	-1,225	0,000	0,035	-0,0293	0,000	8,333E-4	99,429	5,79	
67,400	-1,225	0,000	-0,035	-0,0293	0,000	-8,333E-4	99,446	5,80	
67,450	-1,225	-0,005	-0,070	-0,0293	-1,250E-4	-0,002	99,446	5,79	
67,500	-1,225	-0,010	-0,035	-0,0293	-2,500E-4	-8,333E-4	99,464	5,80	67,4
67,550	-1,227	-0,010	0,035	-0,0293	-2,500E-4	8,333E-4	99,405	5,80	
67,600	-1,227	-0,005	0,070	-0,0293	-1,250E-4	0,002	99,466	5,79	
67,650	-1,227	0,000	0,052	-0,0293	0,000	0,001	99,475	5,79	
67,700	-1,227	0,000	0,017	-0,0293	0,000	4,167E-4	99,449	5,80	
67,750	-1,227	0,000	-0,017	-0,0293	0,000	-4,167E-4	99,431	5,80	
67,800	-1,227	0,000	-0,052	-0,0293	0,000	-0,001	99,440	5,80	
67,850	-1,227	-0,005	-0,070	-0,0293	-1,250E-4	-0,002	99,438	5,80	
67,900	-1,227	-0,010	-0,035	-0,0293	-2,500E-4	-8,333E-4	99,468	5,80	
67,950	-1,228	-0,010	0,035	-0,0293	-2,500E-4	8,333E-4	99,446	5,80	
68,000	-1,228	-0,005	0,070	-0,0293	-1,250E-4	0,002	99,442	5,80	67,4
68,050	-1,228	0,000	0,052	-0,0293	0,000	0,001	99,475	5,79	
68,100	-1,228	0,000	0,017	-0,0293	0,000	4,167E-4	99,438	5,80	
68,150	-1,228	0,000	0,000	-0,0293	0,000	0,000	99,433	5,80	
68,200	-1,228	0,000	-0,017	-0,0293	0,000	-4,167E-4	99,422	5,81	
68,250	-1,228	0,000	-0,052	-0,0293	0,000	-0,001	99,440	5,80	
68,300	-1,228	-0,005	-0,070	-0,0293	-1,250E-4	-0,002	99,442	5,81	
68,350	-1,228	-0,010	-0,035	-0,0293	-2,500E-4	-8,333E-4	99,455	5,80	
68,400	-1,230	-0,010	0,035	-0,0294	-2,500E-4	8,333E-4	99,440	5,80	
68,450	-1,230	-0,005	0,070	-0,0294	-1,250E-4	0,002	99,427	5,80	
68,500	-1,230	0,000	0,052	-0,0294	0,000	0,001	99,431	5,81	67,4
68,550	-1,230	0,000	0,017	-0,0294	0,000	4,167E-4	99,431	5,82	
68,600	-1,230	0,000	-0,017	-0,0294	0,000	-4,167E-4	99,407	5,81	
68,650	-1,230	0,000	-0,052	-0,0294	0,000	-0,001	99,436	5,81	
68,700	-1,230	-0,005	-0,070	-0,0294	-1,250E-4	-0,002	99,449	5,81	
68,750	-1,230	-0,010	-0,035	-0,0294	-2,500E-4	-8,333E-4	99,449	5,80	
68,800	-1,232	-0,010	0,017	-0,0294	-2,500E-4	4,167E-4	99,453	5,81	
68,850	-1,232	-0,005	0,017	-0,0294	-1,250E-4	4,167E-4	99,440	5,81	
68,900	-1,232	-0,005	-0,017	-0,0294	-1,250E-4	-4,167E-4	99,438	5,82	
68,950	-1,232	-0,010	-0,017	-0,0294	-2,500E-4	-4,167E-4	99,486	5,81	
69,000	-1,233	-0,010	0,035	-0,0294	-2,500E-4	8,333E-4	99,481	5,82	67,4
69,050	-1,233	-0,005	0,070	-0,0294	-1,250E-4	0,002	99,468	5,82	
69,100	-1,233	0,000	0,052	-0,0294	0,000	0,001	99,431	5,82	
69,150	-1,233	0,000	0,017	-0,0294	0,000	4,167E-4	99,477	5,82	
69,200	-1,233	0,000	0,000	-0,0294	0,000	0,000	99,438	5,81	
69,250	-1,233	0,000	0,000	-0,0294	0,000	0,000	99,418	5,82	
69,300	-1,233	0,000	0,000	-0,0294	0,000	0,000	99,486	5,82	
69,350	-1,233	0,000	0,000	-0,0294	0,000	0,000	99,453	5,82	
69,400	-1,233	0,000	0,000	-0,0294	0,000	0,000	99,433	5,83	
69,450	-1,233	0,000	0,000	-0,0294	0,000	0,000	99,444	5,81	
69,500	-1,233	0,000	0,000	-0,0294	0,000	0,000	99,420	5,82	67,4
69,550	-1,233	0,000	-0,017	-0,0294	0,000	-4,167E-4	99,457	5,83	
69,600	-1,233	0,000	-0,052	-0,0294	0,000	-0,001	99,407	5,82	
69,650	-1,233	-0,005	-0,070	-0,0294	-1,250E-4	-0,002	99,440	5,82	
69,700	-1,233	-0,010	-0,035	-0,0294	-2,500E-4	-8,333E-4	99,442	5,82	
69,750	-1,235	-0,010	0,035	-0,0295	-2,500E-4	8,333E-4	99,442	5,83	
69,800	-1,235	-0,005	0,070	-0,0295	-1,250E-4	0,002	99,466	5,83	
69,850	-1,235	0,000	0,052	-0,0295	0,000	0,001	99,433	5,82	
69,900	-1,235	0,000	0,017	-0,0295	0,000	4,167E-4	99,422	5,82	
69,950	-1,235	0,000	0,000	-0,0295	0,000	0,000	99,429	5,83	
70,000	-1,235	0,000	0,000	-0,0295	0,000	0,000	99,497	5,82	67,4
70,050	-1,235	0,000	0,000	-0,0295	0,000	0,000	99,471	5,83	
70,100	-1,235	0,000	0,000	-0,0295	0,000	0,000	99,433	5,82	
70,150	-1,235	0,000	-0,017	-0,0295	0,000	-4,167E-4	99,457	5,82	
70,200	-1,235	0,000	-0,052	-0,0295	0,000	-0,001	99,442	5,83	
70,250	-1,235	-0,005	-0,070	-0,0295	-1,250E-4	-0,002	99,438	5,83	
70,300	-1,235	-0,010	-0,035	-0,0295	-2,500E-4	-8,333E-4	99,440	5,83	
70,350	-1,236	-0,010	0,035	-0,0295	-2,500E-4	8,333E-4	99,429	5,83	
70,400	-1,236	-0,005	0,070	-0,0295	-1,250E-4	0,002	99,427	5,84	
70,450	-1,236	0,000	0,052	-0,0295	0,000	0,001	99,453	5,84	
70,500	-1,236	0,000	0,017	-0,0295	0,000	4,167E-4	99,436	5,84	67,4
70,550	-1,236	0,000	0,000	-0,0295	0,000	0,000	99,468	5,83	
70,600	-1,236	0,000	0,000	-0,0295	0,000	0,000	99,449	5,84	
70,650	-1,236	0,000	0,000	-0,0295	0,000	0,000	99,453	5,84	
70,700	-1,236	0,000	0,000	-0,0295	0,000	0,000	99,433	5,84	
70,750	-1,236	0,000	0,000	-0,0295	0,000	0,000	99,433	5,84	
70,800	-1,236	0,000	-0,017	-0,0295	0,000	-4,167E-4	99,453	5,84	
70,850	-1,236	0,000	-0,052	-0,0295	0,000	-0,001	99,433	5,84	
70,900	-1,236	-0,005	-0,070	-0,0295	-1,250E-4	-0,002	99,453	5,84	
70,950	-1,236	-0,010	-0,035	-0,0295	-2,500E-4	-8,333E-4	99,455	5,84	
71,000	-1,238	-0,010	0,035	-0,0296	-2,500E-4	8,333E-4	99,425	5,84	67,4
71,050	-1,238	-0,005	0,070	-0,0296	-1,250E-4	0,002	99,440	5,85	
71,100	-1,238	0,000	0,052	-0,0296	0,000	0,001	99,420	5,84	
71,150	-1,238	0,000	0,017	-0,0296	0,000	4,167E-4	99,440	5,84	
71,200	-1,238	0,000	0,000	-0,0296	0,000	0,000	99,462	5,85	
71,250	-1,238	0,000	0,000	-0,0296	0,000	0,000	99,429	5,85	
71,300	-1,238	0,000	0,000	-0,0296	0,000	0,000	99,479	5,85	
71,350	-1,238	0,000	0,000	-0,0296	0,000	0,000	99,403	5,85	
71,400	-1,238	0,000	0,000	-0,0296	0,000	0,000	99,436	5,86	
71,450	-1,238	0,000	-0,017	-0,0296	0,000	-4,167E-4	99,438	5,85	
71,500	-1,238	0,000	-0,052	-0,0296	0,000	-0,001	99,464	5,86	67,4
71,550	-1,238	-0,005	-0,070	-0,0296	-1,250E-4	-0,002	99,436	5,85	
71,600	-1,238	-0,010	-0,035	-0,0296	-2,500E-4	-8,333E-4	99,453	5,85	
71,650	-1,239	-0,010	0,035	-0,0296	-2,500E-4	8,333E-4	99,484	5,85	
71,700	-1,239	-0,005	0,070	-0,0296	-1,250E-4	0,002	99,427	5,85	
71,750	-1,239	0,000	0,052	-0,0296	0,000	0,001	99,438	5,85	
71,800	-1,239	0,000	0,017	-0,0296	0,000	4,167E-4	99,451	5,85	
71,850	-1,239	0,000	0,000	-0,0296	0,000	0,000	99,431	5,85	
71,900	-1,239	0,000	0,000	-0,0296	0,000	0,000	99,405	5,86	
71,950	-1,239	0,000	-0,017	-0,0296	0,000	-4,167E-4	99,449	5,86	
72,000	-1,239	0,000	-0,052	-0,0296	0,000	-0,001	99,462	5,86	67,4
72,050	-1,239	-0,005	-0,070	-0,0296	-1,250E-4	-0,002	99,440	5,86	
72,100	-1,239	-0,010	-0,035	-0,0296	-2,500E-4	-8,333E-4	99,440	5,86	
72,150	-1,241	-0,010	0,035	-0,0296	-2,500E-4	8,333E-4	99,418	5,86	
72,200	-1,241	-0,005	0,070	-0,0296	-1,250E-4	0,002	99,429	5,85	
72,250	-1,241	0,000	0,052	-0,0296	0,000	0,001	99,436	5,85	
72,300	-1,241	0,000	0,017	-0,0296	0,000	4,167E-4	99,394	5,85	
72,350	-1,241	0,000	0,000	-0,0296	0,000	0,000	99,446	5,86	
72,400	-1,241	0,000	0,000	-0,0296	0,000	0,000	99,471	5,85	
72,450	-1,241	0,000	0,000	-0,0296	0,000	0,000	99,427	5,86	
72,500	-1,241	0,000	0,000	-0,0296	0,000	0,000	99,477	5,86	67,4
72,550	-1,241	0,000	-0,017	-0,0296	0,000	-4,167E-4	99,442	5,86	
72,600	-1,241	0,000	-0,052	-0,0296	0,000	-0,001	99,438	5,86	
72,650	-1,241	-0,005	-0,070	-0,0296	-1,250E-4	-0,002	99,460	5,86	
72,700	-1,241	-0,010	-0,035	-0,0296	-2,500E-4	-8,333E-4	99,442	5,85	
72,750	-1,243	-0,010	0,035	-0,0297	-2,500E-4	8,333E-4	99,446	5,86	
72,800	-1,243	-0,005	0,070	-0,0297	-1,250E-4	0,002	99,433	5,86	
72,850	-1,243	0,000	0,052	-0,0297	0,000	0,001	99,418	5,87	
72,900	-1,243	0,000	0,017	-0,0297	0,000	4,167E-4	99,418	5,86	
72,950	-1,243	0,000		-0,0297	0,000		99,442	5,86	
73,000	-1,243	0,000		-0,0297	0,000		99,455	5,87	67,4
73,050	-1,243			-0,0297			99,420	5,86	
